기간	자치구	동	구분	구분	구분	구분	구분	구분	구분	구분
기간	자치구	동	총전입(⑦=①+③+⑤)	총전출(⑧=②+④+⑥)	구내이동	구내이동	구간이동	구간이동	시ㆍ도간이동	시ㆍ도간이동
기간	자치구	동	총전입(⑦=①+③+⑤)	총전출(⑧=②+④+⑥)	전입(①)	전출(②)	전입(③)	전출(④)	전입(⑤)	전출(⑥)
2012	총계	총계	1,555,281	1,658,928	473,458	473,458	595,842	595,842	485,981	589,628
2012	종로구	소계	26,001	29,398	4,935	4,935	12,530	15,681	8,536	8,782
2012	종로구	사직동	1,811	1,979	415	417	924	997	472	565
2012	종로구	삼청동	452	548	92	132	214	280	146	136
2012	종로구	부암동	1,714	1,827	401	352	825	962	488	513
2012	종로구	평창동	2,535	2,685	462	368	1,286	1,434	787	883
2012	종로구	무악동	1,206	1,254	177	135	761	824	268	295
2012	종로구	교남동	1,326	2,189	208	243	721	1,351	397	595
2012	종로구	가회동	780	926	149	207	385	488	246	231
2012	종로구	종로1.2.3.4가동	1,732	1,677	180	231	844	891	708	555
2012	종로구	종로5·6가동	1,038	1,055	225	204	447	511	366	340
2012	종로구	이화동	1,632	1,877	247	383	699	955	686	539
2012	종로구	창신1동	948	1,202	279	324	385	571	284	307
2012	종로구	창신2동	1,161	1,567	339	338	519	799	303	430
2012	종로구	창신3동	1,022	1,229	287	258	534	640	201	331
2012	종로구	숭인1동	1,162	1,367	323	250	527	739	312	378
2012	종로구	숭인2동	1,633	1,708	211	178	936	984	486	546
2012	종로구	청운효자동	2,248	2,444	507	523	1,051	1,145	690	776
2012	종로구	혜화동	3,601	3,864	433	392	1,472	2,110	1,696	1,362
2012	중구	소계	24,872	25,198	4,832	4,832	13,064	13,252	6,976	7,114
2012	중구	소공동	422	380	20	31	256	202	146	147
2012	중구	회현동	1,235	996	85	65	784	616	366	315
2012	중구	명동	572	603	36	71	339	308	197	224
2012	중구	필동	845	893	115	147	390	428	340	318
2012	중구	장충동	1,154	1,189	199	246	392	496	563	447
2012	중구	광희동	1,002	1,094	183	220	471	525	348	349
2012	중구	을지로동	387	440	27	43	207	225	153	172
2012	중구	신당1동	1,279	1,616	378	573	517	621	384	422
2012	중구	신당2동	2,552	2,836	691	782	1,124	1,265	737	789
2012	중구	신당3동	2,845	3,066	326	567	1,710	1,509	809	990
2012	중구	신당4동	2,234	2,430	585	708	1,103	1,138	546	584
2012	중구	신당5동	2,614	1,636	648	464	1,457	804	509	368
2012	중구	신당6동	3,385	1,664	1,154	452	1,644	785	587	427
2012	중구	황학동	2,002	2,311	291	331	1,143	1,301	568	679
2012	중구	중림동	2,344	4,044	94	132	1,527	3,029	723	883
2012	용산구	소계	36,702	41,248	8,504	8,504	16,106	18,001	12,092	14,743
2012	용산구	후암동	2,763	3,072	820	681	1,089	1,258	854	1,133
2012	용산구	용산2가동	1,509	1,917	411	475	546	666	552	776
2012	용산구	남영동	1,675	1,706	436	417	652	733	587	556
2012	용산구	원효로2동	2,090	2,274	608	479	945	1,000	537	795
2012	용산구	효창동	1,842	1,967	615	493	808	911	419	563
2012	용산구	용문동	1,871	2,307	563	645	803	958	505	704
2012	용산구	이촌1동	3,279	3,634	602	641	1,703	1,836	974	1,157
2012	용산구	이촌2동	968	1,204	244	276	415	483	309	445
2012	용산구	이태원1동	1,413	1,552	443	493	520	565	450	494
2012	용산구	이태원2동	1,529	1,788	371	439	672	722	486	627
2012	용산구	서빙고동	2,180	2,371	471	475	795	810	914	1,086
2012	용산구	보광동	2,580	2,945	778	622	912	1,104	890	1,219
2012	용산구	청파동	3,872	4,599	448	608	1,881	2,266	1,543	1,725
2012	용산구	원효로1동	2,479	2,577	697	609	1,095	1,099	687	869
2012	용산구	한강로동	2,822	2,990	492	521	1,304	1,431	1,026	1,038
2012	용산구	한남동	3,830	4,345	505	630	1,966	2,159	1,359	1,556
2012	성동구	소계	48,010	50,610	12,882	12,882	21,433	22,444	13,695	15,284
2012	성동구	왕십리2동	2,550	2,881	748	801	1,095	1,276	707	804
2012	성동구	마장동	3,323	3,669	841	778	1,306	1,690	1,176	1,201
2012	성동구	사근동	2,084	2,252	301	503	507	799	1,276	950
2012	성동구	행당1동	2,578	2,723	804	802	1,025	1,081	749	840
2012	성동구	행당2동	3,241	3,534	908	870	1,434	1,513	899	1,151
2012	성동구	응봉동	2,521	2,674	880	860	1,067	1,097	574	717
2012	성동구	금호1가동	2,265	2,467	983	1,076	837	826	445	565
2012	성동구	금호4가동	3,290	3,552	1,008	1,386	1,536	1,319	746	847
2012	성동구	성수1가1동	2,633	2,952	698	872	1,240	1,162	695	918
2012	성동구	성수1가2동	2,897	3,207	637	664	1,298	1,393	962	1,150
2012	성동구	성수2가1동	2,679	3,152	633	536	1,189	1,451	857	1,165
2012	성동구	성수2가3동	2,081	2,034	419	375	982	972	680	687
2012	성동구	송정동	1,681	1,873	189	204	963	1,028	529	641
2012	성동구	용답동	2,183	2,490	270	184	1,213	1,497	700	809
2012	성동구	왕십리도선동	1,978	1,968	625	542	753	794	600	632
2012	성동구	금호2.3가동	6,777	3,882	2,544	1,038	3,080	1,826	1,153	1,018
2012	성동구	옥수동	3,249	5,300	394	1,391	1,908	2,720	947	1,189
2012	광진구	소계	58,688	61,194	17,181	17,181	22,632	22,889	18,875	21,124
2012	광진구	화양동	5,135	5,151	652	1,003	1,709	2,177	2,774	1,971
2012	광진구	군자동	3,625	3,772	739	851	1,502	1,632	1,384	1,289
2012	광진구	중곡1동	2,771	2,954	940	899	1,128	1,099	703	956
2012	광진구	중곡2동	3,631	3,702	1,383	1,169	1,285	1,346	963	1,187
2012	광진구	중곡3동	2,829	3,229	820	887	1,306	1,416	703	926
2012	광진구	중곡4동	4,616	4,662	1,666	1,500	1,791	1,700	1,159	1,462
2012	광진구	능동	2,258	2,322	625	700	805	807	828	815
2012	광진구	구의1동	4,158	4,479	1,238	1,381	1,463	1,482	1,457	1,616
2012	광진구	구의2동	4,101	3,749	1,598	1,180	1,463	1,233	1,040	1,336
2012	광진구	구의3동	4,437	5,037	1,394	1,543	1,767	1,719	1,276	1,775
2012	광진구	광장동	5,733	4,377	1,415	912	2,651	1,886	1,667	1,579
2012	광진구	자양1동	3,831	4,409	1,394	1,573	1,157	1,353	1,280	1,483
2012	광진구	자양2동	3,833	4,394	1,374	1,311	1,322	1,404	1,137	1,679
2012	광진구	자양3동	4,342	4,714	1,181	1,194	1,904	1,938	1,257	1,582
2012	광진구	자양4동	3,388	4,243	762	1,078	1,379	1,697	1,247	1,468
2012	동대문구	소계	51,643	54,915	13,798	13,798	20,956	22,422	16,889	18,695
2012	동대문구	회기동	2,317	2,407	532	592	673	860	1,112	955
2012	동대문구	휘경1동	2,982	3,468	941	1,029	921	1,291	1,120	1,148
2012	동대문구	휘경2동	4,727	3,845	1,423	997	1,754	1,343	1,550	1,505
2012	동대문구	청량리동	2,996	3,143	962	879	1,134	1,244	900	1,020
2012	동대문구	용신동	4,826	5,186	677	809	2,507	2,678	1,642	1,699
2012	동대문구	제기동	4,192	4,438	860	869	1,819	2,109	1,513	1,460
2012	동대문구	전농1동	3,274	3,783	1,035	1,181	1,183	1,381	1,056	1,221
2012	동대문구	전농2동	2,587	2,685	1,000	885	967	942	620	858
2012	동대문구	답십리1동	2,883	3,382	865	996	1,293	1,369	725	1,017
2012	동대문구	답십리2동	3,345	3,964	1,174	1,309	1,316	1,429	855	1,226
2012	동대문구	장안1동	5,177	5,206	1,190	1,103	2,512	2,183	1,475	1,920
2012	동대문구	장안2동	4,374	4,601	1,409	1,330	1,827	1,777	1,138	1,494
2012	동대문구	이문1동	5,069	5,712	1,149	1,338	1,622	2,300	2,298	2,074
2012	동대문구	이문2동	2,894	3,095	581	481	1,428	1,516	885	1,098
2012	중랑구	소계	60,157	66,109	23,447	23,447	20,288	20,098	16,422	22,564
2012	중랑구	면목2동	3,750	4,337	1,505	1,628	1,255	1,317	990	1,392
2012	중랑구	면목4동	3,289	4,223	792	1,120	1,520	1,798	977	1,305
2012	중랑구	면목5동	2,078	2,277	960	988	687	624	431	665
2012	중랑구	면목7동	3,486	4,042	1,221	1,300	1,336	1,465	929	1,277
2012	중랑구	상봉1동	3,180	3,587	1,408	1,369	919	889	853	1,329
2012	중랑구	상봉2동	3,463	3,671	1,317	1,386	1,078	1,026	1,068	1,259
2012	중랑구	중화1동	3,099	3,426	1,298	1,302	1,009	1,011	792	1,113
2012	중랑구	중화2동	4,019	4,788	1,483	1,625	1,388	1,537	1,148	1,626
2012	중랑구	묵1동	5,354	5,351	1,587	1,252	2,267	1,996	1,500	2,103
2012	중랑구	묵2동	3,149	3,262	1,078	1,070	1,233	1,095	838	1,097
2012	중랑구	망우3동	2,976	3,351	1,492	1,618	771	738	713	995
2012	중랑구	신내1동	3,845	4,216	1,796	1,456	1,091	1,144	958	1,616
2012	중랑구	신내2동	2,956	3,465	1,084	1,084	1,006	1,109	866	1,272
2012	중랑구	면목본동	5,516	6,011	2,305	2,352	1,823	1,779	1,388	1,880
2012	중랑구	면목3.8동	4,459	4,999	1,945	2,149	1,354	1,322	1,160	1,528
2012	중랑구	망우본동	5,538	5,103	2,176	1,748	1,551	1,248	1,811	2,107
2012	성북구	소계	67,929	73,180	19,958	19,958	28,461	30,263	19,510	22,959
2012	성북구	돈암1동	2,112	2,314	761	800	800	794	551	720
2012	성북구	돈암2동	2,691	3,558	883	1,378	1,151	1,280	657	900
2012	성북구	안암동	3,421	3,570	716	840	1,225	1,492	1,480	1,238
2012	성북구	보문동	2,386	2,890	509	859	1,145	1,282	732	749
2012	성북구	정릉1동	2,864	3,231	1,306	1,286	904	1,027	654	918
2012	성북구	정릉2동	3,433	3,744	1,700	1,449	967	1,226	766	1,069
2012	성북구	정릉3동	2,492	2,884	786	798	680	1,052	1,026	1,034
2012	성북구	정릉4동	3,773	4,031	1,270	1,090	1,603	1,592	900	1,349
2012	성북구	길음1동	5,325	5,770	1,200	1,090	2,742	2,786	1,383	1,894
2012	성북구	길음2동	3,279	2,867	898	563	1,700	1,458	681	846
2012	성북구	월곡1동	3,628	3,809	998	847	1,757	1,712	873	1,250
2012	성북구	월곡2동	3,233	3,362	1,040	1,082	1,134	1,249	1,059	1,031
2012	성북구	장위1동	3,019	3,745	1,086	1,052	1,200	1,539	733	1,154
2012	성북구	장위2동	2,768	3,303	1,071	1,213	1,026	1,165	671	925
2012	성북구	장위3동	2,346	2,815	699	635	1,185	1,396	462	784
2012	성북구	성북동	2,895	3,066	656	887	1,324	1,226	915	953
2012	성북구	삼선동	5,045	4,131	1,532	1,120	2,120	1,681	1,393	1,330
2012	성북구	동선동	3,639	3,357	1,003	1,058	1,152	1,259	1,484	1,040
2012	성북구	종암동	5,320	5,678	1,109	1,149	2,422	2,510	1,789	2,019
2012	성북구	석관동	4,260	5,055	735	762	2,224	2,537	1,301	1,756
2012	강북구	소계	50,417	53,255	16,987	16,987	21,335	20,872	12,095	15,396
2012	강북구	번1동	3,696	3,649	909	958	1,718	1,634	1,069	1,057
2012	강북구	번2동	2,281	2,659	842	905	952	1,026	487	728
2012	강북구	번3동	2,192	2,426	617	484	1,095	1,132	480	810
2012	강북구	수유1동	3,482	3,824	1,399	1,503	1,232	1,236	851	1,085
2012	강북구	수유2동	3,124	3,540	1,224	1,104	1,290	1,442	610	994
2012	강북구	수유3동	4,398	4,515	1,494	1,494	1,798	1,709	1,106	1,312
2012	강북구	삼양동	4,710	5,255	1,841	2,022	1,738	1,847	1,131	1,386
2012	강북구	미아동	3,802	4,191	1,504	1,654	1,324	1,452	974	1,085
2012	강북구	송중동	4,263	5,809	1,171	1,785	1,968	2,436	1,124	1,588
2012	강북구	송천동	4,522	5,109	1,692	1,767	1,805	1,934	1,025	1,408
2012	강북구	삼각산동	6,399	4,600	1,512	901	3,445	2,054	1,442	1,645
2012	강북구	우이동	2,991	3,055	914	837	1,307	1,310	770	908
2012	강북구	인수동	4,557	4,623	1,868	1,573	1,663	1,660	1,026	1,390
2012	도봉구	소계	48,249	52,887	16,299	16,299	19,418	18,944	12,532	17,644
2012	도봉구	쌍문1동	2,932	3,305	655	676	1,561	1,608	716	1,021
2012	도봉구	쌍문2동	3,027	3,321	1,291	1,317	1,016	1,062	720	942
2012	도봉구	쌍문3동	2,674	2,862	876	892	1,056	1,076	742	894
2012	도봉구	쌍문4동	3,015	3,222	1,463	1,305	988	969	564	948
2012	도봉구	방학1동	4,772	4,812	1,968	1,694	1,614	1,499	1,190	1,619
2012	도봉구	방학2동	3,427	3,861	1,371	1,629	1,209	1,119	847	1,113
2012	도봉구	방학3동	3,613	4,088	1,587	1,487	1,203	1,209	823	1,392
2012	도봉구	창1동	3,523	3,947	1,104	1,181	1,398	1,497	1,021	1,269
2012	도봉구	창2동	4,274	4,570	1,344	1,315	1,923	1,816	1,007	1,439
2012	도봉구	창3동	2,398	2,507	586	666	1,355	1,098	457	743
2012	도봉구	창4동	3,513	4,071	840	755	1,685	1,755	988	1,561
2012	도봉구	창5동	3,566	3,924	1,131	1,171	1,408	1,401	1,027	1,352
2012	도봉구	도봉1동	3,240	3,680	944	1,126	1,193	1,122	1,103	1,432
2012	도봉구	도봉2동	4,275	4,717	1,139	1,085	1,809	1,713	1,327	1,919
2012	노원구	소계	75,404	84,716	24,519	24,519	28,016	27,918	22,869	32,279
2012	노원구	월계1동	3,011	3,936	511	715	1,363	1,829	1,137	1,392
2012	노원구	월계2동	3,045	3,717	528	557	1,618	1,777	899	1,383
2012	노원구	월계3동	3,999	4,839	836	984	2,040	1,927	1,123	1,928
2012	노원구	공릉2동	7,161	6,986	1,448	1,146	2,610	2,125	3,103	3,715
2012	노원구	하계1동	3,772	4,022	1,382	1,165	1,467	1,421	923	1,436
2012	노원구	하계2동	2,901	3,223	1,159	958	1,062	1,140	680	1,125
2012	노원구	중계본동	3,204	3,638	1,372	1,218	989	1,125	843	1,295
2012	노원구	중계1동	3,800	4,083	1,445	1,662	1,405	1,199	950	1,222
2012	노원구	중계4동	2,896	3,215	1,259	1,279	836	802	801	1,134
2012	노원구	상계1동	5,165	5,602	1,640	1,110	1,808	1,959	1,717	2,533
2012	노원구	상계2동	3,344	3,834	1,722	1,622	807	998	815	1,214
2012	노원구	상계5동	3,524	3,832	1,853	1,579	849	952	822	1,301
2012	노원구	상계8동	4,128	4,664	1,078	1,444	1,686	1,381	1,364	1,839
2012	노원구	상계9동	3,239	3,786	1,421	1,483	956	990	862	1,313
2012	노원구	상계10동	3,102	3,487	1,226	1,243	1,017	1,035	859	1,209
2012	노원구	상계3.4동	4,016	5,010	1,495	1,585	1,251	1,433	1,270	1,992
2012	노원구	상계6.7동	5,015	5,641	1,502	1,617	1,988	1,928	1,525	2,096
2012	노원구	중계2.3동	4,585	5,183	1,370	1,624	1,999	1,769	1,216	1,790
2012	노원구	공릉1동	5,497	6,018	1,272	1,528	2,265	2,128	1,960	2,362
2012	은평구	소계	82,891	77,208	30,714	30,714	30,217	19,484	21,960	27,010
2012	은평구	녹번동	4,842	5,666	1,572	2,245	1,836	1,515	1,434	1,906
2012	은평구	불광1동	6,067	6,230	2,021	2,197	2,210	1,711	1,836	2,322
2012	은평구	갈현1동	3,903	4,347	1,548	1,755	1,156	903	1,199	1,689
2012	은평구	갈현2동	4,827	4,521	2,237	2,096	1,344	863	1,246	1,562
2012	은평구	구산동	5,128	5,016	2,206	2,089	1,521	1,148	1,401	1,779
2012	은평구	대조동	5,345	5,215	2,175	2,336	1,572	1,072	1,598	1,807
2012	은평구	응암1동	4,972	5,363	1,902	2,340	1,746	1,270	1,324	1,753
2012	은평구	응암2동	9,667	3,371	3,340	1,472	4,292	892	2,035	1,007
2012	은평구	신사1동	4,599	4,664	2,122	2,194	1,445	995	1,032	1,475
2012	은평구	신사2동	3,167	3,704	1,238	1,644	1,053	952	876	1,108
2012	은평구	증산동	2,846	3,294	704	887	1,329	1,263	813	1,144
2012	은평구	수색동	2,246	2,898	387	745	1,032	1,046	827	1,107
2012	은평구	진관동	8,738	5,791	2,534	1,094	4,186	1,878	2,018	2,819
2012	은평구	불광2동	4,206	4,671	1,550	1,883	1,313	1,006	1,343	1,782
2012	은평구	응암3동	4,588	4,713	1,616	2,056	1,820	1,347	1,152	1,310
2012	은평구	역촌동	7,750	7,744	3,562	3,681	2,362	1,623	1,826	2,440
2012	서대문구	소계	50,685	51,250	12,212	12,212	22,911	22,428	15,562	16,610
2012	서대문구	천연동	3,072	3,272	544	511	1,620	1,704	908	1,057
2012	서대문구	홍제1동	3,732	4,307	1,040	1,063	1,646	1,781	1,046	1,463
2012	서대문구	홍제3동	2,474	2,982	782	800	1,004	1,216	688	966
2012	서대문구	홍제2동	2,045	2,499	600	625	913	1,136	532	738
2012	서대문구	홍은1동	2,922	3,145	749	793	1,331	1,261	842	1,091
2012	서대문구	홍은2동	4,226	4,787	1,382	1,374	1,695	2,003	1,149	1,410
2012	서대문구	남가좌1동	522	867	192	422	210	250	120	195
2012	서대문구	남가좌2동	4,046	4,760	1,244	1,523	1,512	1,786	1,290	1,451
2012	서대문구	북가좌1동	7,971	1,501	2,250	364	4,364	600	1,357	537
2012	서대문구	북가좌2동	4,549	5,366	1,056	1,459	2,310	2,294	1,183	1,613
2012	서대문구	충현동	2,749	4,054	555	780	1,313	2,040	881	1,234
2012	서대문구	북아현동	1,495	2,060	355	436	681	1,003	459	621
2012	서대문구	신촌동	4,902	4,894	458	665	1,755	2,412	2,689	1,817
2012	서대문구	연희동	5,980	6,756	1,005	1,397	2,557	2,942	2,418	2,417
2012	마포구	소계	60,874	67,554	16,765	16,765	24,267	27,848	19,842	22,941
2012	마포구	용강동	2,752	3,325	845	874	1,079	1,449	828	1,002
2012	마포구	대흥동	2,912	3,160	587	731	1,040	1,280	1,285	1,149
2012	마포구	염리동	2,391	3,037	735	761	897	1,244	759	1,032
2012	마포구	신수동	3,144	4,666	1,012	1,622	1,089	1,722	1,043	1,322
2012	마포구	서교동	6,897	6,685	1,716	1,895	2,466	2,502	2,715	2,288
2012	마포구	합정동	3,707	4,177	1,051	1,286	1,322	1,468	1,334	1,423
2012	마포구	망원1동	4,016	4,438	1,585	1,425	1,295	1,498	1,136	1,515
2012	마포구	망원2동	2,922	3,426	1,291	1,076	832	1,127	799	1,223
2012	마포구	연남동	3,672	3,956	1,093	1,102	1,385	1,619	1,194	1,235
2012	마포구	성산1동	3,815	3,700	1,657	1,266	1,151	1,229	1,007	1,205
2012	마포구	성산2동	4,661	5,437	1,158	964	2,020	2,384	1,483	2,089
2012	마포구	상암동	4,171	4,389	924	434	1,841	2,139	1,406	1,816
2012	마포구	도화동	3,150	3,467	643	539	1,517	1,751	990	1,177
2012	마포구	서강동	4,229	4,735	1,096	1,183	1,572	1,920	1,561	1,632
2012	마포구	공덕동	5,728	5,985	764	877	3,435	3,191	1,529	1,917
2012	마포구	아현동	2,707	2,971	608	730	1,326	1,325	773	916
2012	양천구	소계	65,512	71,946	21,433	21,433	25,411	25,071	18,668	25,442
2012	양천구	목1동	4,053	4,357	1,244	1,288	1,640	1,671	1,169	1,398
2012	양천구	목2동	5,057	5,152	1,235	1,232	2,340	2,024	1,482	1,896
2012	양천구	목3동	3,704	3,987	1,028	871	1,762	1,735	914	1,381
2012	양천구	목4동	4,078	4,318	1,402	1,222	1,624	1,599	1,052	1,497
2012	양천구	신월1동	3,531	3,875	912	784	1,576	1,527	1,043	1,564
2012	양천구	신월2동	3,454	3,085	1,721	1,209	997	842	736	1,034
2012	양천구	신월3동	2,879	3,631	699	835	1,154	1,354	1,026	1,442
2012	양천구	신월4동	2,714	2,930	1,375	1,342	644	627	695	961
2012	양천구	신월5동	2,533	2,482	584	454	1,231	1,082	718	946
2012	양천구	신월6동	1,643	2,088	806	963	468	482	369	643
2012	양천구	신월7동	2,929	3,506	996	1,134	888	840	1,045	1,532
2012	양천구	신정1동	2,088	3,867	844	1,967	678	956	566	944
2012	양천구	신정2동	2,526	2,926	795	888	992	1,026	739	1,012
2012	양천구	신정3동	7,185	7,139	2,579	2,048	2,651	2,369	1,955	2,722
2012	양천구	신정6동	3,084	3,527	1,115	1,212	1,145	1,183	824	1,132
2012	양천구	신정7동	3,569	3,938	1,193	1,077	1,389	1,467	987	1,394
2012	양천구	목5동	4,811	5,215	1,053	1,328	2,229	2,192	1,529	1,695
2012	양천구	신정4동	5,674	5,923	1,852	1,579	2,003	2,095	1,819	2,249
2012	강서구	소계	82,623	87,711	27,209	27,209	29,804	25,160	25,610	35,342
2012	강서구	염창동	4,909	5,205	1,172	1,138	2,119	1,913	1,618	2,154
2012	강서구	등촌1동	4,316	4,021	1,290	1,272	1,632	1,225	1,394	1,524
2012	강서구	등촌2동	3,010	3,395	730	775	1,409	1,310	871	1,310
2012	강서구	등촌3동	4,153	4,547	1,237	1,231	1,619	1,411	1,297	1,905
2012	강서구	화곡본동	6,200	6,434	2,075	1,870	2,303	1,795	1,822	2,769
2012	강서구	화곡2동	3,351	3,548	1,356	1,301	1,209	1,009	786	1,238
2012	강서구	화곡3동	3,655	3,786	1,324	1,288	1,281	1,099	1,050	1,399
2012	강서구	화곡4동	3,395	3,465	905	969	1,578	1,187	912	1,309
2012	강서구	화곡6동	4,179	4,140	1,514	1,349	1,316	1,085	1,349	1,706
2012	강서구	화곡8동	4,471	4,791	1,471	1,643	1,812	1,337	1,188	1,811
2012	강서구	가양1동	2,666	3,054	963	955	892	835	811	1,264
2012	강서구	가양2동	2,112	2,377	582	769	888	681	642	927
2012	강서구	가양3동	2,405	3,003	587	861	1,123	992	695	1,150
2012	강서구	발산1동	4,608	4,903	2,049	1,605	1,239	1,400	1,320	1,898
2012	강서구	공항동	3,418	3,668	1,009	1,127	949	731	1,460	1,810
2012	강서구	방화1동	4,500	4,785	2,017	1,828	1,040	959	1,443	1,998
2012	강서구	방화2동	3,745	3,946	1,373	1,392	975	732	1,397	1,822
2012	강서구	방화3동	3,541	3,994	1,216	1,390	1,062	836	1,263	1,768
2012	강서구	화곡1동	8,512	8,745	1,973	2,213	3,793	3,110	2,746	3,422
2012	강서구	우장산동	5,477	5,904	2,366	2,233	1,565	1,513	1,546	2,158
2012	구로구	소계	59,003	62,428	15,278	15,278	21,133	19,467	22,592	27,683
2012	구로구	신도림동	4,564	4,873	836	666	2,116	2,161	1,612	2,046
2012	구로구	구로1동	2,601	3,006	395	426	1,161	1,071	1,045	1,509
2012	구로구	구로3동	5,758	5,872	878	959	2,290	2,284	2,590	2,629
2012	구로구	구로4동	4,219	4,629	1,185	1,257	1,612	1,517	1,422	1,855
2012	구로구	구로5동	5,218	5,304	908	1,126	2,230	2,027	2,080	2,151
2012	구로구	고척1동	2,755	3,265	892	947	946	963	917	1,355
2012	구로구	고척2동	3,946	4,164	1,372	1,244	1,408	1,356	1,166	1,564
2012	구로구	개봉2동	4,501	4,745	1,280	1,171	1,345	1,195	1,876	2,379
2012	구로구	개봉3동	3,208	2,986	862	820	756	612	1,590	1,554
2012	구로구	오류1동	3,438	3,421	1,073	1,051	1,038	761	1,327	1,609
2012	구로구	오류2동	5,571	4,289	1,593	929	1,948	1,108	2,030	2,252
2012	구로구	수궁동	3,406	3,741	904	926	1,072	924	1,430	1,891
2012	구로구	가리봉동	1,617	2,444	339	643	674	886	604	915
2012	구로구	구로2동	4,105	5,007	1,239	1,492	1,356	1,439	1,510	2,076
2012	구로구	개봉1동	4,096	4,682	1,522	1,621	1,181	1,163	1,393	1,898
2012	금천구	소계	36,640	37,818	11,338	11,338	11,140	10,060	14,162	16,420
2012	금천구	가산동	3,883	4,040	475	663	1,358	1,496	2,050	1,881
2012	금천구	독산1동	5,999	6,054	887	986	1,792	1,659	3,320	3,409
2012	금천구	독산2동	3,060	3,622	1,390	1,482	787	836	883	1,304
2012	금천구	독산3동	3,696	4,232	907	1,089	1,628	1,585	1,161	1,558
2012	금천구	독산4동	2,862	3,041	1,279	1,250	791	717	792	1,074
2012	금천구	시흥1동	6,613	5,028	2,413	1,702	1,793	1,098	2,407	2,228
2012	금천구	시흥2동	2,902	3,158	802	855	1,128	913	972	1,390
2012	금천구	시흥3동	1,650	1,691	415	411	471	354	764	926
2012	금천구	시흥4동	3,064	3,454	1,426	1,376	745	772	893	1,306
2012	금천구	시흥5동	2,911	3,498	1,344	1,524	647	630	920	1,344
2012	영등포구	소계	57,623	66,140	13,659	13,659	23,137	26,563	20,827	25,918
2012	영등포구	여의동	3,889	4,313	316	361	2,262	2,276	1,311	1,676
2012	영등포구	당산1동	3,640	4,253	959	968	1,467	1,655	1,214	1,630
2012	영등포구	당산2동	5,500	5,841	879	1,047	2,415	2,464	2,206	2,330
2012	영등포구	양평1동	2,904	3,073	707	639	1,180	1,234	1,017	1,200
2012	영등포구	양평2동	3,218	3,436	534	468	1,453	1,575	1,231	1,393
2012	영등포구	신길1동	3,223	3,703	885	871	1,160	1,359	1,178	1,473
2012	영등포구	신길3동	1,862	2,721	772	1,050	523	755	567	916
2012	영등포구	신길4동	1,429	1,782	659	603	397	578	373	601
2012	영등포구	신길5동	2,139	2,801	928	857	566	929	645	1,015
2012	영등포구	신길6동	3,139	3,902	712	642	1,504	1,838	923	1,422
2012	영등포구	신길7동	3,032	3,756	512	834	878	1,272	1,642	1,650
2012	영등포구	대림1동	2,245	2,832	808	699	707	1,073	730	1,060
2012	영등포구	대림2동	2,447	3,196	450	558	1,152	1,477	845	1,161
2012	영등포구	대림3동	3,732	4,619	968	841	1,586	1,984	1,178	1,794
2012	영등포구	영등포본동	3,671	4,159	1,075	932	1,246	1,562	1,350	1,665
2012	영등포구	영등포동	4,060	3,619	685	734	1,567	1,426	1,808	1,459
2012	영등포구	도림동	3,086	3,373	833	822	1,177	1,233	1,076	1,318
2012	영등포구	문래동	4,407	4,761	977	733	1,897	1,873	1,533	2,155
2012	동작구	소계	68,660	66,673	15,148	15,148	30,753	26,598	22,759	24,927
2012	동작구	노량진2동	2,518	3,044	734	948	764	977	1,020	1,119
2012	동작구	상도1동	9,829	6,670	1,684	1,319	5,024	2,793	3,121	2,558
2012	동작구	상도2동	4,415	4,734	1,472	1,707	1,640	1,498	1,303	1,529
2012	동작구	상도3동	3,769	4,037	1,432	1,294	1,250	1,346	1,087	1,397
2012	동작구	상도4동	4,102	4,380	1,536	1,403	1,444	1,456	1,122	1,521
2012	동작구	사당1동	4,810	4,819	693	729	2,321	2,179	1,796	1,911
2012	동작구	사당3동	4,373	4,077	1,081	988	2,052	1,581	1,240	1,508
2012	동작구	사당4동	2,841	2,963	941	889	1,140	1,105	760	969
2012	동작구	사당5동	2,539	2,941	716	744	1,026	1,138	797	1,059
2012	동작구	대방동	6,046	6,198	1,186	1,329	2,618	2,630	2,242	2,239
2012	동작구	신대방1동	3,381	3,825	330	356	1,963	2,042	1,088	1,427
2012	동작구	신대방2동	3,894	3,948	958	919	1,695	1,564	1,241	1,465
2012	동작구	흑석동	5,989	4,584	749	635	3,110	1,997	2,130	1,952
2012	동작구	노량진1동	5,881	5,752	1,186	1,249	2,318	2,059	2,377	2,444
2012	동작구	사당2동	4,273	4,701	450	639	2,388	2,233	1,435	1,829
2012	관악구	소계	92,666	98,563	25,911	25,911	28,863	33,940	37,892	38,712
2012	관악구	보라매동	3,950	4,461	1,260	1,176	1,519	1,648	1,171	1,637
2012	관악구	청림동	2,511	2,999	668	619	1,169	1,361	674	1,019
2012	관악구	행운동	6,017	6,315	1,549	1,632	1,812	2,254	2,656	2,429
2012	관악구	낙성대동	4,390	4,527	1,135	1,348	1,139	1,450	2,116	1,729
2012	관악구	중앙동	3,143	3,276	1,119	1,234	809	936	1,215	1,106
2012	관악구	인헌동	4,883	5,109	1,144	1,123	1,594	1,889	2,145	2,097
2012	관악구	남현동	3,954	3,956	336	334	1,759	1,830	1,859	1,792
2012	관악구	서원동	5,174	5,664	1,638	1,678	1,321	1,802	2,215	2,184
2012	관악구	신원동	3,415	3,776	1,177	1,238	962	1,180	1,276	1,358
2012	관악구	서림동	5,513	5,778	1,515	1,548	1,475	1,787	2,523	2,443
2012	관악구	신사동	4,617	4,927	1,366	1,383	1,453	1,685	1,798	1,859
2012	관악구	신림동	6,074	5,842	1,225	1,319	1,578	2,120	3,271	2,403
2012	관악구	난향동	2,185	2,514	813	648	733	855	639	1,011
2012	관악구	조원동	3,503	3,653	800	829	1,347	1,479	1,356	1,345
2012	관악구	대학동	5,740	5,602	1,022	1,137	1,518	1,669	3,200	2,796
2012	관악구	은천동	5,157	5,575	1,798	1,534	1,710	1,891	1,649	2,150
2012	관악구	성현동	4,199	4,522	1,387	1,018	1,605	1,911	1,207	1,593
2012	관악구	청룡동	7,124	7,621	1,802	2,307	2,048	2,493	3,274	2,821
2012	관악구	난곡동	3,664	4,210	1,526	1,408	1,011	1,213	1,127	1,589
2012	관악구	삼성동	3,000	3,477	964	973	975	1,009	1,061	1,495
2012	관악구	미성동	4,453	4,759	1,667	1,425	1,326	1,478	1,460	1,856
2012	서초구	소계	73,029	74,371	18,307	18,307	32,630	30,716	22,092	25,348
2012	서초구	서초1동	4,141	4,244	1,085	1,102	1,443	1,533	1,613	1,609
2012	서초구	서초2동	3,626	3,872	903	896	1,543	1,571	1,180	1,405
2012	서초구	서초3동	5,130	5,547	1,210	1,243	1,963	2,093	1,957	2,211
2012	서초구	서초4동	4,008	4,416	1,075	1,199	1,775	1,748	1,158	1,469
2012	서초구	잠원동	5,004	6,672	1,026	1,436	2,398	3,243	1,580	1,993
2012	서초구	반포본동	1,925	1,883	683	565	873	873	369	445
2012	서초구	반포1동	6,175	6,026	1,405	1,084	2,678	2,750	2,092	2,192
2012	서초구	반포2동	2,984	3,867	1,013	1,501	1,208	1,494	763	872
2012	서초구	반포3동	3,257	3,567	1,204	1,060	1,274	1,370	779	1,137
2012	서초구	반포4동	2,973	3,364	870	1,109	1,305	1,226	798	1,029
2012	서초구	방배본동	3,414	3,635	1,188	1,059	1,449	1,506	777	1,070
2012	서초구	방배1동	3,214	3,211	1,113	974	1,207	1,265	894	972
2012	서초구	방배2동	4,657	4,838	1,022	1,040	2,173	2,181	1,462	1,617
2012	서초구	방배3동	3,726	4,253	1,069	1,156	1,512	1,770	1,145	1,327
2012	서초구	방배4동	4,595	4,825	1,287	1,411	2,107	2,024	1,201	1,390
2012	서초구	양재1동	9,100	4,427	1,501	553	5,501	1,907	2,098	1,967
2012	서초구	양재2동	4,256	4,696	509	691	1,953	1,846	1,794	2,159
2012	서초구	내곡동	844	1,028	144	228	268	316	432	484
2012	강남구	소계	97,038	101,358	27,231	27,231	37,568	38,156	32,239	35,971
2012	강남구	신사동	3,113	3,633	682	795	1,427	1,714	1,004	1,124
2012	강남구	논현1동	5,951	6,884	1,259	1,391	2,304	2,901	2,388	2,592
2012	강남구	논현2동	4,437	5,242	1,439	1,599	1,476	1,969	1,522	1,674
2012	강남구	삼성1동	2,612	2,805	864	867	994	998	754	940
2012	강남구	삼성2동	6,018	6,465	2,077	1,986	2,111	2,377	1,830	2,102
2012	강남구	대치1동	2,773	3,234	931	1,474	1,037	1,063	805	697
2012	강남구	대치4동	5,339	5,650	1,501	1,489	1,676	1,960	2,162	2,201
2012	강남구	역삼1동	9,250	9,740	2,025	1,977	3,346	3,891	3,879	3,872
2012	강남구	역삼2동	7,132	7,014	2,288	2,114	2,526	2,512	2,318	2,388
2012	강남구	도곡1동	3,341	3,685	806	863	1,361	1,544	1,174	1,278
2012	강남구	도곡2동	4,745	5,088	1,643	1,760	1,719	1,748	1,383	1,580
2012	강남구	개포1동	3,157	3,527	1,142	1,068	1,024	1,129	991	1,330
2012	강남구	개포4동	3,487	3,989	727	744	1,537	1,624	1,223	1,621
2012	강남구	일원본동	2,866	3,102	801	821	1,116	1,175	949	1,106
2012	강남구	일원1동	2,529	2,705	632	635	935	961	962	1,109
2012	강남구	일원2동	2,348	2,835	726	921	895	884	727	1,030
2012	강남구	수서동	1,960	2,474	494	496	873	992	593	986
2012	강남구	세곡동	5,415	1,454	937	256	3,219	510	1,259	688
2012	강남구	압구정동	3,720	3,944	1,003	1,022	1,607	1,672	1,110	1,250
2012	강남구	청담동	5,507	5,358	1,979	1,722	2,016	1,946	1,512	1,690
2012	강남구	대치2동	6,044	6,641	1,743	1,773	2,334	2,622	1,967	2,246
2012	강남구	개포2동	5,294	5,889	1,532	1,458	2,035	1,964	1,727	2,467
2012	송파구	소계	106,747	120,232	42,815	42,815	33,215	35,531	30,717	41,886
2012	송파구	풍납1동	2,494	2,911	560	639	1,187	1,262	747	1,010
2012	송파구	풍납2동	3,926	4,274	1,010	969	1,478	1,619	1,438	1,686
2012	송파구	거여1동	2,433	2,512	1,270	1,056	445	493	718	963
2012	송파구	거여2동	3,532	4,239	1,531	1,519	813	981	1,188	1,739
2012	송파구	마천1동	3,212	3,377	1,605	1,354	772	787	835	1,236
2012	송파구	마천2동	2,876	3,517	1,576	1,644	614	720	686	1,153
2012	송파구	방이1동	2,616	2,631	1,231	1,158	718	666	667	807
2012	송파구	방이2동	5,069	5,218	1,965	1,692	1,450	1,491	1,654	2,035
2012	송파구	오륜동	2,255	2,479	710	818	996	1,028	549	633
2012	송파구	오금동	5,095	5,503	2,258	2,089	1,424	1,521	1,413	1,893
2012	송파구	송파1동	5,526	5,511	2,367	2,137	1,553	1,485	1,606	1,889
2012	송파구	송파2동	5,123	3,010	2,653	1,252	1,380	686	1,090	1,072
2012	송파구	석촌동	7,224	7,213	3,208	2,541	1,873	1,964	2,143	2,708
2012	송파구	삼전동	6,483	6,873	2,532	2,109	1,946	2,041	2,005	2,723
2012	송파구	가락본동	4,933	5,112	2,106	1,912	1,354	1,305	1,473	1,895
2012	송파구	가락1동	1,365	10,368	534	5,795	347	2,427	484	2,146
2012	송파구	가락2동	4,937	5,251	2,428	2,164	1,171	1,263	1,338	1,824
2012	송파구	문정1동	3,760	3,935	1,719	1,536	903	926	1,138	1,473
2012	송파구	문정2동	1,726	1,923	507	486	718	745	501	692
2012	송파구	장지동	6,148	6,524	2,637	1,855	1,735	1,936	1,776	2,733
2012	송파구	잠실본동	5,889	5,955	1,818	1,623	2,005	1,980	2,066	2,352
2012	송파구	잠실4동	4,844	5,422	1,678	1,628	1,930	1,967	1,236	1,827
2012	송파구	잠실6동	2,276	2,535	901	898	726	839	649	798
2012	송파구	잠실7동	1,060	1,107	306	273	489	519	265	315
2012	송파구	잠실2동	6,536	6,987	1,714	1,808	3,081	2,817	1,741	2,362
2012	송파구	잠실3동	5,409	5,845	1,991	1,860	2,107	2,063	1,311	1,922
2012	강동구	소계	73,218	82,966	32,096	32,096	20,554	22,036	20,568	28,834
2012	강동구	강일동	3,461	3,135	1,457	741	1,023	1,101	981	1,293
2012	강동구	상일동	3,973	4,279	1,871	1,454	766	1,053	1,336	1,772
2012	강동구	명일1동	4,086	4,422	2,292	2,018	846	1,052	948	1,352
2012	강동구	명일2동	2,658	2,513	1,453	1,142	554	652	651	719
2012	강동구	고덕1동	2,465	8,260	862	4,601	852	1,734	751	1,925
2012	강동구	고덕2동	2,908	3,208	1,624	1,176	552	702	732	1,330
2012	강동구	암사2동	2,695	2,693	1,090	1,100	822	722	783	871
2012	강동구	암사3동	2,880	3,113	1,428	1,273	790	866	662	974
2012	강동구	천호1동	5,167	5,447	2,739	2,412	1,025	1,151	1,403	1,884
2012	강동구	천호3동	4,437	4,930	1,868	1,902	1,222	1,292	1,347	1,736
2012	강동구	성내1동	2,854	3,292	931	1,101	1,086	1,047	837	1,144
2012	강동구	성내2동	4,874	5,105	1,601	1,584	1,826	1,706	1,447	1,815
2012	강동구	성내3동	4,403	4,556	1,789	1,639	1,427	1,314	1,187	1,603
2012	강동구	둔촌1동	2,849	3,050	830	814	1,268	1,186	751	1,050
2012	강동구	둔촌2동	4,076	4,385	1,636	1,541	1,192	1,224	1,248	1,620
2012	강동구	암사1동	6,099	6,374	3,102	2,552	1,450	1,521	1,547	2,301
2012	강동구	천호2동	5,960	6,265	2,482	2,303	1,718	1,729	1,760	2,233
2012	강동구	길동	7,373	7,939	3,041	2,743	2,135	1,984	2,197	3,212