기간	자치구	동	구분	구분	구분	구분	구분	구분	구분	구분
기간	자치구	동	총전입(⑦=①+③+⑤)	총전출(⑧=②+④+⑥)	구내이동	구내이동	구간이동	구간이동	시ㆍ도간이동	시ㆍ도간이동
기간	자치구	동	총전입(⑦=①+③+⑤)	총전출(⑧=②+④+⑥)	전입(①)	전출(②)	전입(③)	전출(④)	전입(⑤)	전출(⑥)
2010	합계	합계	1,733,015	1,848,038	520,345	520,345	679,363	679,363	533,307	648,330
2010	종로구	소계	29,208	32,928	5,703	5,703	14,256	17,822	9,249	9,403
2010	종로구	사직동	2,041	2,261	433	445	1,017	1,209	591	607
2010	종로구	삼청동	535	718	119	158	255	361	161	199
2010	종로구	부암동	1,800	2,076	458	455	859	1,058	483	563
2010	종로구	평창동	3,030	3,129	493	457	1,694	1,838	843	834
2010	종로구	무악동	1,329	1,541	170	171	786	1,016	373	354
2010	종로구	교남동	1,535	1,656	230	168	825	977	480	511
2010	종로구	가회동	818	1,053	171	215	433	604	214	234
2010	종로구	종로1.2.3.4가동	1,815	1,876	229	212	889	1,014	697	650
2010	종로구	종로5·6가동	1,126	1,276	235	291	552	659	339	326
2010	종로구	이화동	1,800	2,071	334	385	781	1,072	685	614
2010	종로구	혜화동	2,613	2,873	442	358	1,133	1,613	1,038	902
2010	종로구	명륜3가동	1,414	1,683	222	268	467	770	725	645
2010	종로구	창신1동	1,150	1,345	335	377	477	613	338	355
2010	종로구	창신2동	1,366	1,600	383	370	591	755	392	475
2010	종로구	창신3동	1,206	1,349	271	280	641	729	294	340
2010	종로구	숭인1동	1,352	1,476	353	307	699	777	300	392
2010	종로구	숭인2동	1,840	2,046	275	206	994	1,257	571	583
2010	종로구	청운효자동	2,438	2,899	550	580	1,163	1,500	725	819
2010	중구	소계	23,524	24,766	4,296	4,296	12,336	13,273	6,892	7,197
2010	중구	소공동	427	354	16	15	262	227	149	112
2010	중구	회현동	1,460	1,007	47	84	980	603	433	320
2010	중구	명동	927	572	42	36	586	341	299	195
2010	중구	필동	908	1,011	172	162	448	509	288	340
2010	중구	장충동	1,179	1,386	212	293	425	603	542	490
2010	중구	광희동	1,439	1,183	280	253	770	559	389	371
2010	중구	을지로동	467	543	41	75	231	293	195	175
2010	중구	신당1동	1,453	1,732	385	453	602	770	466	509
2010	중구	신당2동	2,666	3,171	786	714	1,116	1,509	764	948
2010	중구	신당3동	2,863	3,254	504	500	1,557	1,811	802	943
2010	중구	신당4동	2,133	2,708	502	573	1,007	1,286	624	849
2010	중구	신당5동	1,296	1,475	374	402	615	780	307	293
2010	중구	신당6동	1,449	1,685	470	432	668	886	311	367
2010	중구	황학동	2,983	2,577	400	240	1,833	1,670	750	667
2010	중구	중림동	1,874	2,108	65	64	1,236	1,426	573	618
2010	용산구	소계	40,673	44,770	9,341	9,341	18,295	20,165	13,037	15,264
2010	용산구	후암동	3,107	3,495	817	744	1,318	1,504	972	1,247
2010	용산구	용산2가동	1,905	2,181	520	545	743	836	642	800
2010	용산구	남영동	1,731	1,838	405	422	719	826	607	590
2010	용산구	원효로2동	2,325	2,636	588	534	1,082	1,247	655	855
2010	용산구	효창동	2,570	2,061	800	579	1,199	919	571	563
2010	용산구	용문동	2,451	2,266	778	631	1,057	986	616	649
2010	용산구	이촌1동	3,760	4,679	677	837	1,949	2,274	1,134	1,568
2010	용산구	이촌2동	1,189	1,325	352	300	452	559	385	466
2010	용산구	이태원1동	1,532	1,670	437	519	585	644	510	507
2010	용산구	이태원2동	1,716	2,028	396	449	750	864	570	715
2010	용산구	서빙고동	1,511	1,687	423	372	627	749	461	566
2010	용산구	보광동	2,679	3,383	750	725	1,076	1,402	853	1,256
2010	용산구	청파동	4,327	4,945	521	706	1,992	2,456	1,814	1,783
2010	용산구	원효로1동	2,719	2,373	704	548	1,253	1,039	762	786
2010	용산구	한강로동	3,165	3,603	580	767	1,577	1,638	1,008	1,198
2010	용산구	한남동	3,986	4,600	593	663	1,916	2,222	1,477	1,715
2010	성동구	소계	46,630	52,843	11,055	11,055	21,479	24,862	14,096	16,926
2010	성동구	왕십리2동	2,678	3,341	783	920	1,223	1,471	672	950
2010	성동구	마장동	3,545	4,050	928	759	1,507	1,944	1,110	1,347
2010	성동구	사근동	2,402	2,558	383	552	662	964	1,357	1,042
2010	성동구	행당1동	2,943	3,413	939	1,004	1,121	1,396	883	1,013
2010	성동구	행당2동	4,449	3,769	1,411	767	2,037	1,856	1,001	1,146
2010	성동구	응봉동	2,641	3,035	845	818	1,107	1,258	689	959
2010	성동구	금호1가동	2,148	2,643	667	801	944	1,100	537	742
2010	성동구	금호4가동	2,423	2,767	583	628	1,186	1,338	654	801
2010	성동구	성수1가1동	2,543	2,992	695	686	1,091	1,192	757	1,114
2010	성동구	성수1가2동	3,241	3,706	690	694	1,448	1,746	1,103	1,266
2010	성동구	성수2가1동	2,825	3,202	567	510	1,354	1,502	904	1,190
2010	성동구	성수2가3동	2,098	2,352	381	423	1,077	1,193	640	736
2010	성동구	송정동	1,914	2,252	210	171	1,175	1,290	529	791
2010	성동구	용답동	2,310	2,766	237	206	1,273	1,668	800	892
2010	성동구	왕십리도선동	2,197	2,633	603	756	1,029	1,219	565	658
2010	성동구	금호2.3가동	3,018	3,490	784	855	1,323	1,621	911	1,014
2010	성동구	옥수동	3,255	3,874	349	505	1,922	2,104	984	1,265
2010	광진구	소계	63,624	69,973	18,517	18,517	24,714	26,928	20,393	24,528
2010	광진구	화양동	5,343	5,588	695	1,186	1,872	2,270	2,776	2,132
2010	광진구	군자동	3,938	4,373	872	929	1,707	1,931	1,359	1,513
2010	광진구	중곡1동	3,194	3,540	1,078	1,085	1,305	1,350	811	1,105
2010	광진구	중곡2동	3,983	4,566	1,461	1,640	1,514	1,611	1,008	1,315
2010	광진구	중곡3동	3,264	3,846	996	997	1,460	1,723	808	1,126
2010	광진구	중곡4동	5,261	5,535	1,998	1,616	2,004	2,103	1,259	1,816
2010	광진구	능동	2,422	2,523	641	747	961	939	820	837
2010	광진구	구의1동	4,468	4,864	1,423	1,351	1,520	1,637	1,525	1,876
2010	광진구	구의2동	4,053	4,353	1,535	1,314	1,359	1,493	1,159	1,546
2010	광진구	구의3동	5,102	5,382	1,650	1,242	1,896	2,109	1,556	2,031
2010	광진구	광장동	4,579	5,154	948	1,107	2,031	2,153	1,600	1,894
2010	광진구	자양1동	4,486	4,964	1,553	1,550	1,479	1,657	1,454	1,757
2010	광진구	자양2동	4,515	5,088	1,559	1,435	1,617	1,712	1,339	1,941
2010	광진구	자양3동	4,965	5,172	1,222	1,218	2,272	2,132	1,471	1,822
2010	광진구	자양4동	4,051	5,025	886	1,100	1,717	2,108	1,448	1,817
2010	동대문구	소계	57,780	61,558	15,897	15,897	24,186	25,651	17,697	20,010
2010	동대문구	회기동	2,475	2,814	631	719	751	1,052	1,093	1,043
2010	동대문구	휘경1동	3,184	3,693	943	1,022	1,056	1,415	1,185	1,256
2010	동대문구	휘경2동	3,923	4,220	1,087	1,006	1,326	1,665	1,510	1,549
2010	동대문구	청량리동	3,117	3,697	1,003	983	1,168	1,524	946	1,190
2010	동대문구	용신동	7,406	5,386	1,353	900	4,128	2,642	1,925	1,844
2010	동대문구	제기동	4,506	5,673	838	1,316	2,043	2,657	1,625	1,700
2010	동대문구	전농1동	3,654	4,522	1,284	1,571	1,257	1,563	1,113	1,388
2010	동대문구	전농2동	3,199	2,566	1,296	786	1,213	969	690	811
2010	동대문구	답십리1동	4,601	3,576	1,511	1,266	2,191	1,411	899	899
2010	동대문구	답십리2동	3,720	4,415	1,289	1,539	1,513	1,708	918	1,168
2010	동대문구	장안1동	5,147	5,741	1,317	1,355	2,353	2,461	1,477	1,925
2010	동대문구	장안2동	4,672	5,277	1,465	1,514	1,999	2,046	1,208	1,717
2010	동대문구	이문1동	5,365	6,398	1,348	1,383	1,826	2,687	2,191	2,328
2010	동대문구	이문2동	2,811	3,580	532	537	1,362	1,851	917	1,192
2010	중랑구	소계	69,532	75,310	27,296	27,296	24,441	22,713	17,795	25,301
2010	중랑구	면목2동	4,373	5,144	1,726	1,920	1,454	1,553	1,193	1,671
2010	중랑구	면목4동	3,972	4,582	1,059	1,132	1,818	1,905	1,095	1,545
2010	중랑구	면목5동	2,161	2,621	912	1,014	715	785	534	822
2010	중랑구	면목7동	4,308	4,843	1,552	1,697	1,622	1,667	1,134	1,479
2010	중랑구	상봉1동	3,441	3,841	1,579	1,518	960	982	902	1,341
2010	중랑구	상봉2동	3,427	4,159	1,454	1,605	997	1,158	976	1,396
2010	중랑구	중화1동	3,467	3,851	1,449	1,433	1,184	1,137	834	1,281
2010	중랑구	중화2동	4,538	5,576	1,634	1,926	1,557	1,693	1,347	1,957
2010	중랑구	묵1동	5,128	5,488	1,505	1,497	2,256	2,171	1,367	1,820
2010	중랑구	묵2동	3,330	3,801	1,139	1,334	1,347	1,261	844	1,206
2010	중랑구	망우3동	3,280	3,863	1,669	1,813	782	824	829	1,226
2010	중랑구	신내1동	8,466	4,510	3,525	1,568	3,704	1,197	1,237	1,745
2010	중랑구	신내2동	3,320	4,093	1,236	1,506	1,186	1,271	898	1,316
2010	중랑구	면목본동	6,093	7,176	2,577	2,836	1,936	2,079	1,580	2,261
2010	중랑구	면목3.8동	5,023	5,701	2,220	2,381	1,527	1,673	1,276	1,647
2010	중랑구	망우본동	5,205	6,061	2,060	2,116	1,396	1,357	1,749	2,588
2010	성북구	소계	83,641	81,163	23,690	23,690	37,780	33,684	22,171	23,789
2010	성북구	돈암1동	2,501	3,613	776	1,549	1,119	1,225	606	839
2010	성북구	돈암2동	3,500	3,908	1,246	1,319	1,451	1,533	803	1,056
2010	성북구	안암동	3,673	4,091	718	948	1,407	1,779	1,548	1,364
2010	성북구	보문동	2,556	3,861	535	1,244	1,228	1,650	793	967
2010	성북구	정능1동	4,083	3,516	1,717	1,509	1,544	1,102	822	905
2010	성북구	정능2동	3,824	4,410	1,631	1,884	1,312	1,338	881	1,188
2010	성북구	정능3동	2,877	3,431	869	1,098	835	1,198	1,173	1,135
2010	성북구	정능4동	4,167	4,714	1,261	1,266	1,827	1,978	1,079	1,470
2010	성북구	길음1동	11,110	4,558	2,788	928	6,082	2,257	2,240	1,373
2010	성북구	길음2동	3,101	3,832	642	928	1,726	1,958	733	946
2010	성북구	월곡1동	5,247	4,291	1,282	1,171	2,753	1,879	1,212	1,241
2010	성북구	월곡2동	3,412	3,979	995	1,418	1,455	1,398	962	1,163
2010	성북구	장위1동	3,237	3,828	975	1,074	1,489	1,644	773	1,110
2010	성북구	장위2동	2,767	3,435	1,030	1,127	999	1,283	738	1,025
2010	성북구	장위3동	2,396	3,032	654	624	1,140	1,503	602	905
2010	성북구	성북동	3,174	3,578	789	1,215	1,410	1,383	975	980
2010	성북구	삼선동	4,545	4,769	1,406	1,256	1,800	2,092	1,339	1,421
2010	성북구	동선동	3,806	3,504	1,334	1,198	1,224	1,330	1,248	976
2010	성북구	종암동	8,966	5,312	2,334	1,129	4,394	2,331	2,238	1,852
2010	성북구	석관동	4,699	5,501	708	805	2,585	2,823	1,406	1,873
2010	강북구	소계	57,460	58,668	18,785	18,785	25,668	23,660	13,007	16,223
2010	강북구	번1동	3,787	4,186	969	1,114	1,747	1,856	1,071	1,216
2010	강북구	번2동	2,777	3,108	1,043	973	1,120	1,285	614	850
2010	강북구	번3동	2,210	2,576	498	504	1,156	1,227	556	845
2010	강북구	수유1동	3,767	4,128	1,584	1,590	1,323	1,470	860	1,068
2010	강북구	수유2동	3,495	3,925	1,310	1,190	1,405	1,625	780	1,110
2010	강북구	수유3동	4,371	4,973	1,431	1,639	1,814	1,940	1,126	1,394
2010	강북구	삼양동	5,068	6,085	1,830	2,255	2,107	2,187	1,131	1,643
2010	강북구	미아동	4,186	5,017	1,601	2,146	1,603	1,708	982	1,163
2010	강북구	송중동	4,847	5,897	1,335	1,523	2,307	2,785	1,205	1,589
2010	강북구	송천동	5,373	5,869	1,738	2,171	2,458	2,211	1,177	1,487
2010	강북구	삼각산동	9,341	3,552	2,479	668	5,323	1,761	1,539	1,123
2010	강북구	우이동	3,302	3,824	981	1,029	1,467	1,711	854	1,084
2010	강북구	인수동	4,936	5,528	1,986	1,983	1,838	1,894	1,112	1,651
2010	도봉구	소계	53,589	61,207	17,662	17,662	21,366	23,646	14,561	19,899
2010	도봉구	쌍문1동	3,304	3,649	686	800	1,789	1,800	829	1,049
2010	도봉구	쌍문2동	3,496	3,727	1,542	1,440	1,177	1,176	777	1,111
2010	도봉구	쌍문3동	2,932	3,447	943	1,109	1,240	1,398	749	940
2010	도봉구	쌍문4동	3,178	3,633	1,400	1,415	1,032	1,237	746	981
2010	도봉구	방학1동	5,083	5,808	2,028	2,075	1,630	1,905	1,425	1,828
2010	도봉구	방학2동	3,765	4,280	1,694	1,720	1,189	1,199	882	1,361
2010	도봉구	방학3동	3,982	4,423	1,597	1,383	1,391	1,697	994	1,343
2010	도봉구	창1동	4,123	4,862	1,261	1,337	1,637	1,916	1,225	1,609
2010	도봉구	창2동	4,751	5,215	1,415	1,263	2,204	2,238	1,132	1,714
2010	도봉구	창3동	2,323	2,758	568	677	1,145	1,237	610	844
2010	도봉구	창4동	4,130	4,586	947	769	1,976	2,203	1,207	1,614
2010	도봉구	창5동	3,988	4,610	1,285	1,189	1,645	1,955	1,058	1,466
2010	도봉구	도봉1동	3,720	4,390	1,087	1,190	1,352	1,443	1,281	1,757
2010	도봉구	도봉2동	4,814	5,819	1,209	1,295	1,959	2,242	1,646	2,282
2010	노원구	소계	84,687	92,813	26,361	26,361	32,611	33,218	25,715	33,234
2010	노원구	월계1동	3,196	4,093	607	754	1,474	1,856	1,115	1,483
2010	노원구	월계2동	3,461	3,972	575	621	1,906	1,863	980	1,488
2010	노원구	월계3동	4,230	5,357	918	1,169	2,057	2,258	1,255	1,930
2010	노원구	공릉2동	6,298	7,373	1,375	1,333	2,403	2,733	2,520	3,307
2010	노원구	하계1동	4,154	4,498	1,425	1,228	1,701	1,807	1,028	1,463
2010	노원구	하계2동	3,190	3,581	1,170	1,143	1,192	1,310	828	1,128
2010	노원구	중계본동	3,841	4,268	1,293	1,361	1,386	1,574	1,162	1,333
2010	노원구	중계1동	4,281	4,698	1,445	1,858	1,519	1,529	1,317	1,311
2010	노원구	중계4동	3,322	3,707	1,491	1,364	937	1,129	894	1,214
2010	노원구	상계1동	7,969	5,656	2,610	1,033	2,966	2,196	2,393	2,427
2010	노원구	상계2동	4,134	3,853	2,061	1,571	1,091	1,137	982	1,145
2010	노원구	상계5동	3,930	4,391	1,778	1,838	1,124	1,143	1,028	1,410
2010	노원구	상계8동	4,998	5,067	1,211	1,400	2,270	1,637	1,517	2,030
2010	노원구	상계9동	3,628	4,175	1,422	1,500	1,186	1,220	1,020	1,455
2010	노원구	상계10동	3,356	3,894	1,132	1,327	1,202	1,253	1,022	1,314
2010	노원구	공릉1.3동	5,685	6,503	1,382	1,551	2,342	2,471	1,961	2,481
2010	노원구	상계3.4동	4,423	5,782	1,474	1,783	1,397	1,677	1,552	2,322
2010	노원구	상계6.7동	5,514	6,143	1,510	1,783	2,267	2,202	1,737	2,158
2010	노원구	중계2.3동	5,077	5,802	1,482	1,744	2,191	2,223	1,404	1,835
2010	은평구	소계	99,486	87,400	37,527	37,527	36,710	21,492	25,249	28,381
2010	은평구	녹번동	6,117	7,038	2,217	2,893	2,172	1,896	1,728	2,249
2010	은평구	불광1동	9,445	7,206	3,169	3,275	3,727	1,696	2,549	2,235
2010	은평구	갈현1동	4,546	5,184	1,806	2,308	1,258	1,036	1,482	1,840
2010	은평구	갈현2동	5,104	5,379	2,451	2,592	1,234	994	1,419	1,793
2010	은평구	구산동	5,447	5,793	2,475	2,630	1,537	1,130	1,435	2,033
2010	은평구	대조동	5,837	6,283	2,562	2,999	1,548	1,357	1,727	1,927
2010	은평구	응암1동	5,498	6,957	2,243	3,061	1,770	1,722	1,485	2,174
2010	은평구	응암2동	2,811	3,779	1,274	1,740	866	995	671	1,044
2010	은평구	신사1동	4,670	4,974	2,184	2,288	1,459	1,194	1,027	1,492
2010	은평구	신사2동	3,489	4,096	1,418	1,695	1,138	1,052	933	1,349
2010	은평구	증산동	3,014	3,685	763	1,070	1,374	1,426	877	1,189
2010	은평구	수색동	2,466	3,113	446	715	1,125	1,091	895	1,307
2010	은평구	진관동	22,949	3,621	6,883	822	11,852	1,205	4,214	1,594
2010	은평구	불광2동	5,016	6,241	1,869	3,167	1,406	1,125	1,741	1,949
2010	은평구	응암3동	4,762	5,201	1,858	2,042	1,758	1,706	1,146	1,453
2010	은평구	역촌동	8,315	8,850	3,909	4,230	2,486	1,867	1,920	2,753
2010	서대문구	소계	50,156	61,119	12,894	12,894	21,373	29,348	15,889	18,877
2010	서대문구	천연동	3,547	3,430	735	537	1,797	1,839	1,015	1,054
2010	서대문구	홍제1동	4,288	4,773	1,298	1,044	1,775	2,210	1,215	1,519
2010	서대문구	홍제3동	2,824	3,137	901	785	1,076	1,373	847	979
2010	서대문구	홍제2동	2,634	2,794	738	578	1,188	1,410	708	806
2010	서대문구	홍은1동	2,873	4,627	778	1,229	1,252	1,987	843	1,411
2010	서대문구	홍은2동	5,052	5,319	1,736	1,445	2,079	2,253	1,237	1,621
2010	서대문구	남가좌1동	606	930	187	270	278	414	141	246
2010	서대문구	남가좌2동	4,295	4,906	1,483	1,308	1,530	2,088	1,282	1,510
2010	서대문구	북가좌1동	1,440	1,786	336	394	701	839	403	553
2010	서대문구	북가좌2동	5,047	5,446	1,274	984	2,450	2,754	1,323	1,708
2010	서대문구	충현동	3,823	4,429	1,092	838	1,545	2,186	1,186	1,405
2010	서대문구	북아현동	2,018	6,769	359	1,430	920	3,882	739	1,457
2010	서대문구	신촌동	4,887	5,329	574	648	1,951	2,675	2,362	2,006
2010	서대문구	연희동	6,822	7,444	1,403	1,404	2,831	3,438	2,588	2,602
2010	마포구	소계	75,393	76,441	20,885	20,885	33,130	30,725	21,378	24,831
2010	마포구	용강동	3,417	4,091	1,013	1,093	1,345	1,785	1,059	1,213
2010	마포구	대흥동	3,315	4,927	709	1,511	1,316	1,980	1,290	1,436
2010	마포구	염리동	2,670	3,123	806	817	1,010	1,263	854	1,043
2010	마포구	신수동	4,273	4,595	1,480	1,410	1,517	1,692	1,276	1,493
2010	마포구	서교동	6,831	7,909	1,892	2,476	2,405	2,853	2,534	2,580
2010	마포구	합정동	4,167	4,874	1,222	1,711	1,574	1,626	1,371	1,537
2010	마포구	망원1동	4,549	4,911	1,775	1,856	1,504	1,469	1,270	1,586
2010	마포구	망원2동	3,556	4,108	1,472	1,412	1,141	1,308	943	1,388
2010	마포구	연남동	3,878	4,344	1,088	1,298	1,645	1,701	1,145	1,345
2010	마포구	성산1동	3,941	4,188	1,701	1,555	1,220	1,353	1,020	1,280
2010	마포구	성산2동	5,243	6,121	1,229	1,348	2,334	2,515	1,680	2,258
2010	마포구	상암동	11,381	3,993	2,870	505	6,966	2,005	1,545	1,483
2010	마포구	도화동	3,652	3,955	615	670	1,929	1,980	1,108	1,305
2010	마포구	서강동	6,183	5,715	1,692	1,506	2,540	2,252	1,951	1,957
2010	마포구	공덕동	5,529	6,326	726	950	3,260	3,429	1,543	1,947
2010	마포구	아현동	2,808	3,261	595	767	1,424	1,514	789	980
2010	양천구	소계	75,105	84,099	24,256	24,256	29,024	31,040	21,825	28,803
2010	양천구	목1동	4,878	5,106	1,444	1,337	2,045	2,120	1,389	1,649
2010	양천구	목2동	5,600	5,927	1,519	1,427	2,455	2,389	1,626	2,111
2010	양천구	목3동	4,130	4,743	1,146	1,132	1,998	2,074	986	1,537
2010	양천구	목4동	4,786	5,170	1,670	1,477	1,842	2,110	1,274	1,583
2010	양천구	신월1동	3,988	4,563	1,013	953	1,821	1,894	1,154	1,716
2010	양천구	신월2동	3,051	5,603	1,351	2,612	890	1,490	810	1,501
2010	양천구	신월3동	3,142	3,499	791	772	1,195	1,130	1,156	1,597
2010	양천구	신월4동	3,300	2,787	1,682	1,050	793	720	825	1,017
2010	양천구	신월5동	2,829	2,886	562	465	1,430	1,293	837	1,128
2010	양천구	신월6동	1,802	2,707	854	1,107	415	652	533	948
2010	양천구	신월7동	3,618	3,974	1,290	1,125	1,097	1,165	1,231	1,684
2010	양천구	신정1동	3,397	3,910	1,383	1,540	990	1,261	1,024	1,109
2010	양천구	신정2동	2,983	3,228	918	975	1,205	1,203	860	1,050
2010	양천구	신정3동	7,210	8,135	2,595	2,287	2,608	2,911	2,007	2,937
2010	양천구	신정6동	3,621	3,995	1,402	1,377	1,191	1,376	1,028	1,242
2010	양천구	신정7동	4,846	4,704	1,502	1,298	2,026	1,835	1,318	1,571
2010	양천구	목5동	5,645	6,329	1,235	1,578	2,592	2,845	1,818	1,906
2010	양천구	신정4동	6,279	6,833	1,899	1,744	2,431	2,572	1,949	2,517
2010	강서구	소계	91,718	100,863	31,280	31,280	32,584	30,988	27,854	38,595
2010	강서구	염창동	5,718	5,475	1,579	1,075	2,491	2,216	1,648	2,184
2010	강서구	등촌1동	4,168	4,251	1,256	1,420	1,501	1,310	1,411	1,521
2010	강서구	등촌2동	3,556	3,744	876	835	1,751	1,611	929	1,298
2010	강서구	등촌3동	4,285	4,952	1,155	1,354	1,737	1,716	1,393	1,882
2010	강서구	화곡본동	7,005	7,739	2,336	2,447	2,615	2,260	2,054	3,032
2010	강서구	화곡2동	4,025	4,328	1,466	1,613	1,523	1,240	1,036	1,475
2010	강서구	화곡3동	3,841	4,239	1,607	1,445	1,202	1,387	1,032	1,407
2010	강서구	화곡4동	3,955	4,375	1,118	1,191	1,779	1,684	1,058	1,500
2010	강서구	화곡6동	4,595	4,947	1,665	1,689	1,495	1,411	1,435	1,847
2010	강서구	화곡8동	4,970	5,582	1,809	1,830	1,917	1,688	1,244	2,064
2010	강서구	가양1동	2,862	3,477	1,105	1,082	865	946	892	1,449
2010	강서구	가양2동	2,431	2,812	648	887	1,039	899	744	1,026
2010	강서구	가양3동	2,574	3,149	658	863	1,118	1,042	798	1,244
2010	강서구	발산1동	5,230	5,557	2,118	1,774	1,609	1,685	1,503	2,098
2010	강서구	공항동	4,126	4,522	1,371	1,318	1,085	965	1,670	2,239
2010	강서구	방화1동	4,874	5,772	2,244	2,264	1,042	1,210	1,588	2,298
2010	강서구	방화2동	3,846	4,613	1,529	1,689	960	992	1,357	1,932
2010	강서구	방화3동	3,768	4,395	1,471	1,447	983	1,032	1,314	1,916
2010	강서구	화곡1동	9,275	9,446	2,479	2,191	3,955	3,541	2,841	3,714
2010	강서구	우장산동	6,614	7,488	2,790	2,866	1,917	2,153	1,907	2,469
2010	구로구	소계	63,011	69,935	15,824	15,824	23,408	21,730	23,779	32,381
2010	구로구	신도림동	4,957	5,303	786	600	2,411	2,340	1,760	2,363
2010	구로구	구로1동	3,017	3,414	420	388	1,399	1,248	1,198	1,778
2010	구로구	구로3동	6,036	6,358	926	970	2,480	2,579	2,630	2,809
2010	구로구	구로4동	4,319	5,218	1,272	1,417	1,619	1,725	1,428	2,076
2010	구로구	구로5동	4,845	5,707	831	1,181	2,281	2,083	1,733	2,443
2010	구로구	고척1동	3,423	3,700	1,033	1,016	1,216	1,096	1,174	1,588
2010	구로구	고척2동	4,739	4,727	1,638	1,437	1,806	1,402	1,295	1,888
2010	구로구	개봉2동	4,785	5,510	1,359	1,130	1,391	1,461	2,035	2,919
2010	구로구	개봉3동	3,145	3,702	940	867	831	673	1,374	2,162
2010	구로구	오류1동	3,253	3,646	1,033	1,044	992	922	1,228	1,680
2010	구로구	오류2동	3,892	4,590	874	874	1,232	1,146	1,786	2,570
2010	구로구	수궁동	4,704	3,561	1,079	767	1,729	885	1,896	1,909
2010	구로구	가리봉동	1,897	2,547	406	597	713	897	778	1,053
2010	구로구	구로2동	5,101	5,929	1,594	1,565	1,749	1,812	1,758	2,552
2010	구로구	개봉1동	4,898	6,023	1,633	1,971	1,559	1,461	1,706	2,591
2010	금천구	소계	37,595	43,034	11,144	11,144	12,195	10,883	14,256	21,007
2010	금천구	가산동	4,185	4,215	500	703	1,590	1,430	2,095	2,082
2010	금천구	독산1동	6,075	6,945	918	968	1,984	1,651	3,173	4,326
2010	금천구	독산2동	3,489	4,066	1,459	1,415	985	857	1,045	1,794
2010	금천구	독산3동	4,363	4,816	1,003	1,120	2,012	1,758	1,348	1,938
2010	금천구	독산4동	3,095	3,547	1,295	1,313	937	817	863	1,417
2010	금천구	시흥1동	4,967	5,865	1,811	1,763	1,293	1,282	1,863	2,820
2010	금천구	시흥2동	3,139	3,739	809	724	1,285	1,155	1,045	1,860
2010	금천구	시흥3동	1,619	1,874	435	322	485	332	699	1,220
2010	금천구	시흥4동	3,465	4,116	1,511	1,410	843	897	1,111	1,809
2010	금천구	시흥5동	3,198	3,851	1,403	1,406	781	704	1,014	1,741
2010	영등포구	소계	66,644	75,966	16,966	16,966	27,301	31,105	22,377	27,895
2010	영등포구	여의동	4,521	4,782	387	392	2,668	2,667	1,466	1,723
2010	영등포구	당산1동	4,911	4,185	1,422	906	1,896	1,728	1,593	1,551
2010	영등포구	당산2동	6,213	6,105	1,170	1,244	2,840	2,646	2,203	2,215
2010	영등포구	양평1동	2,955	3,244	680	728	1,317	1,372	958	1,144
2010	영등포구	양평2동	3,459	3,722	563	614	1,713	1,699	1,183	1,409
2010	영등포구	신길1동	4,215	4,175	1,174	1,025	1,618	1,558	1,423	1,592
2010	영등포구	신길3동	2,514	3,186	1,255	1,080	622	932	637	1,174
2010	영등포구	신길4동	1,808	2,234	822	786	484	698	502	750
2010	영등포구	신길5동	2,694	3,345	1,225	1,064	796	1,133	673	1,148
2010	영등포구	신길6동	3,888	4,352	952	812	1,783	1,975	1,153	1,565
2010	영등포구	신길7동	3,522	4,432	619	810	1,200	1,867	1,703	1,755
2010	영등포구	대림1동	2,804	3,361	977	837	994	1,304	833	1,220
2010	영등포구	대림2동	2,893	4,055	604	733	1,252	1,775	1,037	1,547
2010	영등포구	대림3동	4,304	5,242	1,154	945	1,729	2,251	1,421	2,046
2010	영등포구	영등포본동	4,380	4,914	1,327	1,228	1,559	1,863	1,494	1,823
2010	영등포구	영등포동	3,680	3,717	801	921	1,458	1,429	1,421	1,367
2010	영등포구	도림동	3,110	5,780	841	1,882	1,160	2,066	1,109	1,832
2010	영등포구	문래동	4,773	5,135	993	959	2,212	2,142	1,568	2,034
2010	동작구	소계	70,829	74,307	15,987	15,987	31,217	31,003	23,625	27,317
2010	동작구	노량진2동	2,810	3,360	737	876	976	1,172	1,097	1,312
2010	동작구	상도1동	7,017	7,438	1,164	1,320	2,953	3,188	2,900	2,930
2010	동작구	상도2동	5,240	5,198	1,829	1,681	2,008	1,843	1,403	1,674
2010	동작구	상도3동	4,263	4,452	1,640	1,423	1,477	1,424	1,146	1,605
2010	동작구	상도4동	4,819	4,969	1,826	1,526	1,673	1,675	1,320	1,768
2010	동작구	사당1동	5,123	5,221	742	727	2,498	2,553	1,883	1,941
2010	동작구	사당3동	4,227	4,872	966	1,167	1,883	1,931	1,378	1,774
2010	동작구	사당4동	3,101	3,349	954	848	1,265	1,290	882	1,211
2010	동작구	사당5동	2,961	3,123	781	683	1,304	1,370	876	1,070
2010	동작구	대방동	7,335	6,599	1,716	1,292	3,320	2,901	2,299	2,406
2010	동작구	신대방1동	4,059	4,533	383	371	2,426	2,475	1,250	1,687
2010	동작구	신대방2동	4,568	4,184	1,008	1,286	2,159	1,637	1,401	1,261
2010	동작구	흑석동	4,555	5,167	524	751	2,159	2,320	1,872	2,096
2010	동작구	노량진1동	5,745	6,230	1,169	1,342	2,284	2,348	2,292	2,540
2010	동작구	사당2동	5,006	5,612	548	694	2,832	2,876	1,626	2,042
2010	관악구	소계	100,901	110,153	28,114	28,114	33,027	37,890	39,760	44,149
2010	관악구	보라매동	4,722	5,096	1,548	1,267	1,702	1,994	1,472	1,835
2010	관악구	청림동	2,544	3,219	588	696	1,176	1,358	780	1,165
2010	관악구	행운동	6,913	7,599	1,753	1,924	2,287	2,711	2,873	2,964
2010	관악구	낙성대동	4,760	4,877	1,329	1,436	1,384	1,539	2,047	1,902
2010	관악구	중앙동	3,537	3,422	1,296	1,290	944	991	1,297	1,141
2010	관악구	인헌동	5,200	5,826	1,298	1,224	1,733	2,074	2,169	2,528
2010	관악구	남현동	3,979	4,375	351	432	1,914	1,974	1,714	1,969
2010	관악구	서원동	5,951	6,360	1,783	1,822	1,711	2,075	2,457	2,463
2010	관악구	신원동	3,731	4,308	1,245	1,355	1,136	1,315	1,350	1,638
2010	관악구	서림동	5,736	6,313	1,506	1,691	1,646	1,888	2,584	2,734
2010	관악구	신사동	4,993	5,450	1,348	1,288	1,674	1,982	1,971	2,180
2010	관악구	신림동	6,128	5,865	1,197	1,467	1,721	2,039	3,210	2,359
2010	관악구	난향동	2,677	3,174	808	660	1,022	1,096	847	1,418
2010	관악구	조원동	3,739	3,886	813	881	1,466	1,621	1,460	1,384
2010	관악구	대학동	5,922	6,199	1,110	1,324	1,699	1,830	3,113	3,045
2010	관악구	은천동	5,981	6,714	1,966	1,774	2,053	2,316	1,962	2,624
2010	관악구	성현동	4,565	5,057	1,455	1,155	1,862	2,024	1,248	1,878
2010	관악구	청룡동	7,672	7,960	2,123	2,212	2,211	2,644	3,338	3,104
2010	관악구	난곡동	4,284	5,018	1,704	1,558	1,265	1,388	1,315	2,072
2010	관악구	삼성동	3,140	4,068	1,074	1,165	974	1,253	1,092	1,650
2010	관악구	미성동	4,727	5,367	1,819	1,493	1,447	1,778	1,461	2,096
2010	서초구	소계	80,612	80,944	19,807	19,807	35,653	32,787	25,152	28,350
2010	서초구	서초1동	4,562	4,375	1,180	1,158	1,697	1,626	1,685	1,591
2010	서초구	서초2동	4,049	4,365	865	990	1,791	1,765	1,393	1,610
2010	서초구	서초3동	6,228	6,160	1,356	1,385	2,628	2,356	2,244	2,419
2010	서초구	서초4동	5,661	4,702	1,495	1,302	2,563	1,915	1,603	1,485
2010	서초구	잠원동	6,254	6,826	1,172	1,385	3,090	3,116	1,992	2,325
2010	서초구	반포본동	2,209	2,579	583	1,001	1,050	959	576	619
2010	서초구	반포1동	7,383	5,971	1,668	1,130	3,224	2,592	2,491	2,249
2010	서초구	반포2동	3,484	2,956	1,044	906	1,558	1,211	882	839
2010	서초구	반포3동	3,900	4,202	1,134	1,300	1,630	1,578	1,136	1,324
2010	서초구	반포4동	3,439	3,523	1,005	1,188	1,468	1,166	966	1,169
2010	서초구	방배본동	3,979	3,955	1,297	1,248	1,766	1,640	916	1,067
2010	서초구	방배1동	4,740	3,987	1,751	1,223	1,877	1,535	1,112	1,229
2010	서초구	방배2동	5,267	6,160	1,102	1,283	2,525	2,791	1,640	2,086
2010	서초구	방배3동	4,303	4,498	1,109	1,240	1,953	1,787	1,241	1,471
2010	서초구	방배4동	5,478	5,676	1,695	1,750	2,414	2,381	1,369	1,545
2010	서초구	양재1동	4,264	5,042	622	728	1,980	2,088	1,662	2,226
2010	서초구	양재2동	4,532	4,869	602	415	2,119	1,951	1,811	2,503
2010	서초구	내곡동	880	1,098	127	175	320	330	433	593
2010	강남구	소계	110,126	114,915	31,654	31,654	41,322	42,817	37,150	40,444
2010	강남구	신사동	3,741	4,255	790	979	1,699	1,975	1,252	1,301
2010	강남구	논현1동	7,568	8,158	1,562	1,649	3,091	3,400	2,915	3,109
2010	강남구	논현2동	5,491	6,010	1,699	1,789	2,004	2,305	1,788	1,916
2010	강남구	삼성1동	3,153	3,274	921	966	1,296	1,303	936	1,005
2010	강남구	삼성2동	6,968	6,939	2,331	2,104	2,537	2,523	2,100	2,312
2010	강남구	대치1동	4,136	4,314	1,284	1,961	1,576	1,302	1,276	1,051
2010	강남구	대치4동	6,037	6,536	1,616	1,905	1,936	2,192	2,485	2,439
2010	강남구	역삼1동	10,446	11,251	2,334	2,445	3,870	4,361	4,242	4,445
2010	강남구	역삼2동	9,728	8,258	3,639	2,363	3,196	2,982	2,893	2,913
2010	강남구	도곡1동	3,597	3,832	974	1,004	1,517	1,487	1,106	1,341
2010	강남구	도곡2동	6,251	6,050	2,196	2,176	2,183	1,937	1,872	1,937
2010	강남구	개포1동	3,626	4,056	1,277	1,334	1,149	1,222	1,200	1,500
2010	강남구	개포4동	4,241	4,350	1,003	745	1,705	1,760	1,533	1,845
2010	강남구	일원본동	3,180	3,271	789	797	1,334	1,193	1,057	1,281
2010	강남구	일원1동	2,844	3,087	709	651	1,021	1,164	1,114	1,272
2010	강남구	일원2동	2,837	3,182	922	1,076	1,045	993	870	1,113
2010	강남구	수서동	2,273	2,478	540	536	1,034	989	699	953
2010	강남구	세곡동	717	1,081	175	177	223	321	319	583
2010	강남구	압구정동	4,242	4,356	1,131	1,154	1,911	1,838	1,200	1,364
2010	강남구	청담동	5,717	5,708	1,959	1,650	2,072	2,294	1,686	1,764
2010	강남구	대치2동	7,289	7,883	1,856	2,395	2,893	2,998	2,540	2,490
2010	강남구	개포2동	6,044	6,586	1,947	1,798	2,030	2,278	2,067	2,510
2010	송파구	소계	117,420	126,686	41,775	41,775	39,442	39,223	36,203	45,688
2010	송파구	풍납1동	2,883	3,479	667	740	1,281	1,548	935	1,191
2010	송파구	풍납2동	4,420	5,140	1,112	1,231	1,798	2,057	1,510	1,852
2010	송파구	거여1동	2,738	2,909	1,455	1,245	481	558	802	1,106
2010	송파구	거여2동	4,057	4,936	1,525	1,827	1,109	1,186	1,423	1,923
2010	송파구	마천1동	2,996	3,393	1,403	1,359	701	776	892	1,258
2010	송파구	마천2동	3,397	3,797	1,690	1,591	719	863	988	1,343
2010	송파구	방이1동	2,887	3,178	1,289	1,298	821	868	777	1,012
2010	송파구	방이2동	5,392	5,670	1,955	1,876	1,662	1,593	1,775	2,201
2010	송파구	오륜동	2,577	2,900	763	884	1,111	1,179	703	837
2010	송파구	오금동	5,815	6,296	2,387	2,403	1,733	1,656	1,695	2,237
2010	송파구	송파1동	5,439	5,820	1,982	2,188	1,633	1,477	1,824	2,155
2010	송파구	송파2동	2,934	3,205	1,386	1,353	743	838	805	1,014
2010	송파구	석촌동	7,137	8,180	2,548	2,771	2,245	2,338	2,344	3,071
2010	송파구	삼전동	7,308	7,812	2,415	2,354	2,416	2,373	2,477	3,085
2010	송파구	가락본동	5,098	5,451	1,809	1,947	1,618	1,460	1,671	2,044
2010	송파구	가락1동	2,833	3,096	1,172	1,080	784	846	877	1,170
2010	송파구	가락2동	5,561	5,919	2,377	2,485	1,497	1,543	1,687	1,891
2010	송파구	문정1동	4,057	4,320	1,730	1,678	1,129	1,040	1,198	1,602
2010	송파구	문정2동	1,842	2,120	567	533	796	799	479	788
2010	송파구	장지동	7,299	7,120	2,636	2,100	2,430	1,964	2,233	3,056
2010	송파구	잠실본동	6,267	6,986	1,766	1,927	2,243	2,405	2,258	2,654
2010	송파구	잠실4동	6,378	6,769	1,876	1,846	2,690	2,751	1,812	2,172
2010	송파구	잠실6동	2,632	2,798	918	954	977	965	737	879
2010	송파구	잠실7동	1,197	1,123	310	335	550	485	337	303
2010	송파구	잠실2동	8,225	8,081	2,095	1,927	3,952	3,432	2,178	2,722
2010	송파구	잠실3동	6,051	6,188	1,942	1,843	2,323	2,223	1,786	2,122
2010	강동구	소계	83,671	86,177	33,629	33,629	25,845	22,710	24,197	29,838
2010	강동구	강일동	3,329	1,717	1,545	440	1,041	545	743	732
2010	강동구	상일동	4,121	4,517	1,585	1,615	1,054	1,078	1,482	1,824
2010	강동구	명일1동	4,364	4,786	2,059	2,263	1,070	1,073	1,235	1,450
2010	강동구	명일2동	2,622	2,871	1,213	1,337	717	667	692	867
2010	강동구	고덕1동	4,540	3,724	1,780	1,386	1,540	946	1,220	1,392
2010	강동구	고덕2동	2,884	3,268	1,207	1,323	706	681	971	1,264
2010	강동구	암사2동	2,943	3,235	1,119	1,330	964	886	860	1,019
2010	강동구	암사3동	3,237	3,628	1,500	1,422	990	982	747	1,224
2010	강동구	천호1동	5,653	6,282	2,819	2,934	1,314	1,205	1,520	2,143
2010	강동구	천호3동	4,870	6,163	1,895	2,503	1,477	1,595	1,498	2,065
2010	강동구	성내1동	3,707	4,016	1,142	1,327	1,551	1,379	1,014	1,310
2010	강동구	성내2동	5,296	5,782	1,777	2,148	1,926	1,711	1,593	1,923
2010	강동구	성내3동	4,925	5,111	1,847	2,012	1,608	1,404	1,470	1,695
2010	강동구	둔촌1동	2,998	3,498	751	986	1,312	1,360	935	1,152
2010	강동구	둔촌2동	6,283	4,396	2,753	1,501	1,850	1,206	1,680	1,689
2010	강동구	암사1동	6,573	7,284	2,809	3,057	1,849	1,795	1,915	2,432
2010	강동구	천호2동	6,688	6,993	2,492	2,561	2,198	2,004	1,998	2,428
2010	강동구	길동	8,638	8,906	3,336	3,484	2,678	2,193	2,624	3,229