기간	자치구	동	성별	구분	구분	구분	구분	구분	구분	구분	구분
기간	자치구	동	성별	총전입(⑦=①+③+⑤)	총전출(⑧=②+④+⑥)	구내이동	구내이동	구간이동	구간이동	시ㆍ도간이동	시ㆍ도간이동
기간	자치구	동	성별	총전입(⑦=①+③+⑤)	총전출(⑧=②+④+⑥)	전입(①)	전출(②)	전입(③)	전출(④)	전입(⑤)	전출(⑥)
2008	합계	합계	계	2,025,358	2,083,352	633,437	633,437	792,776	792,776	599,145	657,139
2008	합계	합계	남자	1,002,192	1,036,800	309,566	309,566	393,626	393,626	299,000	333,608
2008	합계	합계	여자	1,023,166	1,046,552	323,871	323,871	399,150	399,150	300,145	323,531
2008	종로구	소계	계	39,726	35,456	7,181	7,181	21,190	18,573	11,355	9,702
2008	종로구	소계	남자	20,058	18,071	3,542	3,542	10,567	9,375	5,949	5,154
2008	종로구	소계	여자	19,668	17,385	3,639	3,639	10,623	9,198	5,406	4,548
2008	종로구	사직동	계	3,591	2,029	669	435	2,071	1,098	851	496
2008	종로구	사직동	남자	1,705	986	299	215	983	513	423	258
2008	종로구	사직동	여자	1,886	1,043	370	220	1,088	585	428	238
2008	종로구	삼청동	계	663	854	145	183	295	426	223	245
2008	종로구	삼청동	남자	326	435	70	84	144	232	112	119
2008	종로구	삼청동	여자	337	419	75	99	151	194	111	126
2008	종로구	부암동	계	2,380	2,656	542	656	1,189	1,316	649	684
2008	종로구	부암동	남자	1,151	1,354	267	340	570	660	314	354
2008	종로구	부암동	여자	1,229	1,302	275	316	619	656	335	330
2008	종로구	평창동	계	3,295	3,281	688	563	1,688	1,799	919	919
2008	종로구	평창동	남자	1,593	1,593	334	271	821	884	438	438
2008	종로구	평창동	여자	1,702	1,688	354	292	867	915	481	481
2008	종로구	무악동	계	3,673	1,271	294	193	2,672	767	707	311
2008	종로구	무악동	남자	1,779	573	143	81	1,275	343	361	149
2008	종로구	무악동	여자	1,894	698	151	112	1,397	424	346	162
2008	종로구	교남동	계	1,946	1,884	227	244	1,159	1,115	560	525
2008	종로구	교남동	남자	987	951	108	109	577	557	302	285
2008	종로구	교남동	여자	959	933	119	135	582	558	258	240
2008	종로구	가회동	계	1,065	1,182	194	243	565	628	306	311
2008	종로구	가회동	남자	503	594	84	130	271	307	148	157
2008	종로구	가회동	여자	562	588	110	113	294	321	158	154
2008	종로구	종로1.2.3.4가동	계	1,944	1,937	226	261	996	1,086	722	590
2008	종로구	종로1.2.3.4가동	남자	1,199	1,165	127	142	592	634	480	389
2008	종로구	종로1.2.3.4가동	여자	745	772	99	119	404	452	242	201
2008	종로구	종로5·6가동	계	1,117	1,312	200	319	569	610	348	383
2008	종로구	종로5·6가동	남자	634	706	106	152	311	321	217	233
2008	종로구	종로5·6가동	여자	483	606	94	167	258	289	131	150
2008	종로구	이화동	계	2,143	2,235	426	394	951	1,200	766	641
2008	종로구	이화동	남자	1,044	1,079	195	174	477	576	372	329
2008	종로구	이화동	여자	1,099	1,156	231	220	474	624	394	312
2008	종로구	혜화동	계	3,065	2,925	459	434	1,521	1,711	1,085	780
2008	종로구	혜화동	남자	1,548	1,478	235	212	767	845	546	421
2008	종로구	혜화동	여자	1,517	1,447	224	222	754	866	539	359
2008	종로구	명륜3가동	계	1,764	1,678	307	289	583	805	874	584
2008	종로구	명륜3가동	남자	1,028	960	157	153	321	461	550	346
2008	종로구	명륜3가동	여자	736	718	150	136	262	344	324	238
2008	종로구	창신1동	계	1,506	1,573	355	419	713	762	438	392
2008	종로구	창신1동	남자	786	833	175	224	381	403	230	206
2008	종로구	창신1동	여자	720	740	180	195	332	359	208	186
2008	종로구	창신2동	계	1,839	1,833	381	457	921	792	537	584
2008	종로구	창신2동	남자	975	966	197	238	488	417	290	311
2008	종로구	창신2동	여자	864	867	184	219	433	375	247	273
2008	종로구	창신3동	계	1,443	1,664	312	412	785	833	346	419
2008	종로구	창신3동	남자	695	825	156	213	377	401	162	211
2008	종로구	창신3동	여자	748	839	156	199	408	432	184	208
2008	종로구	숭인1동	계	2,350	1,391	555	374	1,320	690	475	327
2008	종로구	숭인1동	남자	1,143	664	285	166	631	324	227	174
2008	종로구	숭인1동	여자	1,207	727	270	208	689	366	248	153
2008	종로구	숭인2동	계	2,568	1,852	320	197	1,649	1,154	599	501
2008	종로구	숭인2동	남자	1,326	989	162	103	834	606	330	280
2008	종로구	숭인2동	여자	1,242	863	158	94	815	548	269	221
2008	종로구	청운효자동	계	3,374	3,899	881	1,108	1,543	1,781	950	1,010
2008	종로구	청운효자동	남자	1,636	1,920	442	535	747	891	447	494
2008	종로구	청운효자동	여자	1,738	1,979	439	573	796	890	503	516
2008	중구	소계	계	30,294	30,752	6,496	6,496	16,260	16,419	7,538	7,837
2008	중구	소계	남자	15,432	15,608	3,277	3,277	8,192	8,242	3,963	4,089
2008	중구	소계	여자	14,862	15,144	3,219	3,219	8,068	8,177	3,575	3,748
2008	중구	소공동	계	494	525	10	34	361	413	123	78
2008	중구	소공동	남자	227	243	4	16	165	192	58	35
2008	중구	소공동	여자	267	282	6	18	196	221	65	43
2008	중구	회현동	계	1,011	1,052	72	63	570	688	369	301
2008	중구	회현동	남자	631	611	43	37	353	407	235	167
2008	중구	회현동	여자	380	441	29	26	217	281	134	134
2008	중구	명동	계	570	620	40	51	295	383	235	186
2008	중구	명동	남자	295	340	24	26	163	221	108	93
2008	중구	명동	여자	275	280	16	25	132	162	127	93
2008	중구	필동	계	982	1,055	165	185	475	508	342	362
2008	중구	필동	남자	555	579	87	100	252	275	216	204
2008	중구	필동	여자	427	476	78	85	223	233	126	158
2008	중구	장충동	계	1,370	1,498	321	372	482	611	567	515
2008	중구	장충동	남자	744	791	157	187	264	316	323	288
2008	중구	장충동	여자	626	707	164	185	218	295	244	227
2008	중구	광희동	계	1,245	1,188	259	257	603	612	383	319
2008	중구	광희동	남자	703	643	138	144	340	318	225	181
2008	중구	광희동	여자	542	545	121	113	263	294	158	138
2008	중구	을지로동	계	530	528	60	76	278	264	192	188
2008	중구	을지로동	남자	342	328	39	47	184	163	119	118
2008	중구	을지로동	여자	188	200	21	29	94	101	73	70
2008	중구	신당1동	계	1,811	1,804	645	457	718	840	448	507
2008	중구	신당1동	남자	965	919	341	231	381	410	243	278
2008	중구	신당1동	여자	846	885	304	226	337	430	205	229
2008	중구	신당2동	계	3,798	3,569	1,259	822	1,613	1,747	926	1,000
2008	중구	신당2동	남자	1,888	1,773	625	405	812	849	451	519
2008	중구	신당2동	여자	1,910	1,796	634	417	801	898	475	481
2008	중구	신당3동	계	3,583	3,541	606	587	2,035	2,008	942	946
2008	중구	신당3동	남자	1,748	1,726	321	290	965	967	462	469
2008	중구	신당3동	여자	1,835	1,815	285	297	1,070	1,041	480	477
2008	중구	신당4동	계	2,889	2,872	904	636	1,323	1,433	662	803
2008	중구	신당4동	남자	1,364	1,435	419	319	624	728	321	388
2008	중구	신당4동	여자	1,525	1,437	485	317	699	705	341	415
2008	중구	신당5동	계	1,583	3,671	488	980	744	2,040	351	651
2008	중구	신당5동	남자	820	1,907	256	500	368	1,060	196	347
2008	중구	신당5동	여자	763	1,764	232	480	376	980	155	304
2008	중구	신당6동	계	2,000	4,620	688	1,675	873	2,155	439	790
2008	중구	신당6동	남자	973	2,237	341	821	411	1,027	221	389
2008	중구	신당6동	여자	1,027	2,383	347	854	462	1,128	218	401
2008	중구	황학동	계	6,020	1,551	906	216	4,185	888	929	447
2008	중구	황학동	남자	2,980	801	445	110	2,088	448	447	243
2008	중구	황학동	여자	3,040	750	461	106	2,097	440	482	204
2008	중구	중림동	계	2,408	2,658	73	85	1,705	1,829	630	744
2008	중구	중림동	남자	1,197	1,275	37	44	822	861	338	370
2008	중구	중림동	여자	1,211	1,383	36	41	883	968	292	374
2008	용산구	소계	계	49,673	48,616	10,964	10,964	23,203	22,356	15,506	15,296
2008	용산구	소계	남자	24,404	24,156	5,283	5,283	11,486	11,202	7,635	7,671
2008	용산구	소계	여자	25,269	24,460	5,681	5,681	11,717	11,154	7,871	7,625
2008	용산구	후암동	계	3,924	3,847	1,019	845	1,665	1,748	1,240	1,254
2008	용산구	후암동	남자	1,977	1,952	517	410	843	906	617	636
2008	용산구	후암동	여자	1,947	1,895	502	435	822	842	623	618
2008	용산구	용산2가동	계	2,356	2,299	575	535	1,024	935	757	829
2008	용산구	용산2가동	남자	1,173	1,121	278	259	525	460	370	402
2008	용산구	용산2가동	여자	1,183	1,178	297	276	499	475	387	427
2008	용산구	남영동	계	2,155	2,239	577	565	877	1,013	701	661
2008	용산구	남영동	남자	1,274	1,320	297	297	547	626	430	397
2008	용산구	남영동	여자	881	919	280	268	330	387	271	264
2008	용산구	원효로2동	계	2,902	2,990	688	580	1,419	1,476	795	934
2008	용산구	원효로2동	남자	1,367	1,459	313	264	676	715	378	480
2008	용산구	원효로2동	여자	1,535	1,531	375	316	743	761	417	454
2008	용산구	효창동	계	2,075	1,935	681	493	912	891	482	551
2008	용산구	효창동	남자	1,020	946	335	231	447	440	238	275
2008	용산구	효창동	여자	1,055	989	346	262	465	451	244	276
2008	용산구	용문동	계	2,216	2,282	648	558	962	1,048	606	676
2008	용산구	용문동	남자	1,101	1,141	319	271	488	523	294	347
2008	용산구	용문동	여자	1,115	1,141	329	287	474	525	312	329
2008	용산구	이촌1동	계	4,167	4,090	841	838	2,108	2,054	1,218	1,198
2008	용산구	이촌1동	남자	1,943	1,926	386	378	973	982	584	566
2008	용산구	이촌1동	여자	2,224	2,164	455	460	1,135	1,072	634	632
2008	용산구	이촌2동	계	1,841	1,730	419	464	783	752	639	514
2008	용산구	이촌2동	남자	875	833	192	215	371	372	312	246
2008	용산구	이촌2동	여자	966	897	227	249	412	380	327	268
2008	용산구	이태원1동	계	1,840	1,911	434	543	753	768	653	600
2008	용산구	이태원1동	남자	902	968	192	276	376	390	334	302
2008	용산구	이태원1동	여자	938	943	242	267	377	378	319	298
2008	용산구	이태원2동	계	2,026	2,083	425	396	949	970	652	717
2008	용산구	이태원2동	남자	942	1,024	194	181	444	477	304	366
2008	용산구	이태원2동	여자	1,084	1,059	231	215	505	493	348	351
2008	용산구	서빙고동	계	2,009	1,855	482	542	937	729	590	584
2008	용산구	서빙고동	남자	950	881	213	253	462	342	275	286
2008	용산구	서빙고동	여자	1,059	974	269	289	475	387	315	298
2008	용산구	보광동	계	3,516	3,436	835	753	1,511	1,428	1,170	1,255
2008	용산구	보광동	남자	1,752	1,641	416	337	740	665	596	639
2008	용산구	보광동	여자	1,764	1,795	419	416	771	763	574	616
2008	용산구	청파동	계	5,975	6,201	906	1,141	2,944	3,182	2,125	1,878
2008	용산구	청파동	남자	2,831	2,986	435	564	1,418	1,551	978	871
2008	용산구	청파동	여자	3,144	3,215	471	577	1,526	1,631	1,147	1,007
2008	용산구	원효로1동	계	1,900	2,039	636	572	714	853	550	614
2008	용산구	원효로1동	남자	942	1,063	317	288	354	448	271	327
2008	용산구	원효로1동	여자	958	976	319	284	360	405	279	287
2008	용산구	한강로동	계	5,856	4,934	1,035	1,323	3,137	2,281	1,684	1,330
2008	용산구	한강로동	남자	2,908	2,546	507	660	1,568	1,205	833	681
2008	용산구	한강로동	여자	2,948	2,388	528	663	1,569	1,076	851	649
2008	용산구	한남동	계	4,915	4,745	763	816	2,508	2,228	1,644	1,701
2008	용산구	한남동	남자	2,447	2,349	372	399	1,254	1,100	821	850
2008	용산구	한남동	여자	2,468	2,396	391	417	1,254	1,128	823	851
2008	성동구	소계	계	56,177	77,955	17,919	17,919	22,872	40,474	15,386	19,562
2008	성동구	소계	남자	28,393	39,417	8,856	8,856	11,577	20,320	7,960	10,241
2008	성동구	소계	여자	27,784	38,538	9,063	9,063	11,295	20,154	7,426	9,321
2008	성동구	왕십리2동	계	2,994	11,488	1,056	3,139	1,125	6,594	813	1,755
2008	성동구	왕십리2동	남자	1,518	5,783	502	1,574	608	3,310	408	899
2008	성동구	왕십리2동	여자	1,476	5,705	554	1,565	517	3,284	405	856
2008	성동구	마장동	계	3,553	3,359	1,397	761	1,390	1,669	766	929
2008	성동구	마장동	남자	1,772	1,662	696	373	698	824	378	465
2008	성동구	마장동	여자	1,781	1,697	701	388	692	845	388	464
2008	성동구	사근동	계	4,491	4,543	1,820	773	1,581	2,337	1,090	1,433
2008	성동구	사근동	남자	2,324	2,376	940	401	812	1,210	572	765
2008	성동구	사근동	여자	2,167	2,167	880	372	769	1,127	518	668
2008	성동구	행당1동	계	2,657	2,697	581	554	720	1,142	1,356	1,001
2008	성동구	행당1동	남자	1,522	1,527	304	291	398	640	820	596
2008	성동구	행당1동	여자	1,135	1,170	277	263	322	502	536	405
2008	성동구	행당2동	계	3,623	3,720	1,489	988	1,233	1,734	901	998
2008	성동구	행당2동	남자	1,763	1,834	703	462	604	856	456	516
2008	성동구	행당2동	여자	1,860	1,886	786	526	629	878	445	482
2008	성동구	응봉동	계	3,530	5,201	1,125	1,429	1,521	2,511	884	1,261
2008	성동구	응봉동	남자	1,664	2,501	508	646	727	1,219	429	636
2008	성동구	응봉동	여자	1,866	2,700	617	783	794	1,292	455	625
2008	성동구	금호1가동	계	3,232	3,337	1,257	762	1,242	1,637	733	938
2008	성동구	금호1가동	남자	1,530	1,604	592	371	580	757	358	476
2008	성동구	금호1가동	여자	1,702	1,733	665	391	662	880	375	462
2008	성동구	금호4가동	계	2,961	3,937	1,509	1,029	891	1,993	561	915
2008	성동구	금호4가동	남자	1,398	1,964	705	499	408	996	285	469
2008	성동구	금호4가동	여자	1,563	1,973	804	530	483	997	276	446
2008	성동구	성수1가1동	계	4,059	9,345	1,664	3,123	1,384	4,401	1,011	1,821
2008	성동구	성수1가1동	남자	1,910	4,493	789	1,485	669	2,106	452	902
2008	성동구	성수1가1동	여자	2,149	4,852	875	1,638	715	2,295	559	919
2008	성동구	성수1가2동	계	3,079	3,920	1,128	1,148	1,231	1,892	720	880
2008	성동구	성수1가2동	남자	1,471	1,892	553	530	592	925	326	437
2008	성동구	성수1가2동	여자	1,608	2,028	575	618	639	967	394	443
2008	성동구	성수2가1동	계	4,041	7,018	711	1,215	2,056	4,182	1,274	1,621
2008	성동구	성수2가1동	남자	1,973	3,483	347	604	980	2,053	646	826
2008	성동구	성수2가1동	여자	2,068	3,535	364	611	1,076	2,129	628	795
2008	성동구	성수2가3동	계	3,384	3,722	1,116	853	1,300	1,731	968	1,138
2008	성동구	성수2가3동	남자	1,794	1,925	588	462	693	861	513	602
2008	성동구	성수2가3동	여자	1,590	1,797	528	391	607	870	455	536
2008	성동구	송정동	계	3,625	4,040	922	752	1,602	2,074	1,101	1,214
2008	성동구	송정동	남자	1,870	2,106	490	391	782	1,053	598	662
2008	성동구	송정동	여자	1,755	1,934	432	361	820	1,021	503	552
2008	성동구	용답동	계	3,332	3,563	812	621	1,509	1,743	1,011	1,199
2008	성동구	용답동	남자	1,760	1,918	430	328	795	922	535	668
2008	성동구	용답동	여자	1,572	1,645	382	293	714	821	476	531
2008	성동구	왕십리도선동	계	2,232	2,512	506	439	1,028	1,364	698	709
2008	성동구	왕십리도선동	남자	1,180	1,329	264	256	548	713	368	360
2008	성동구	왕십리도선동	여자	1,052	1,183	242	183	480	651	330	349
2008	성동구	금호2.3가동	계	2,344	2,492	326	176	1,384	1,505	634	811
2008	성동구	금호2.3가동	남자	1,264	1,315	185	91	746	776	333	448
2008	성동구	금호2.3가동	여자	1,080	1,177	141	85	638	729	301	363
2008	성동구	옥수동	계	3,040	3,061	500	157	1,675	1,965	865	939
2008	성동구	옥수동	남자	1,680	1,705	260	92	937	1,099	483	514
2008	성동구	옥수동	여자	1,360	1,356	240	65	738	866	382	425
2008	광진구	소계	계	72,506	76,456	20,276	20,276	29,107	31,759	23,123	24,421
2008	광진구	소계	남자	35,822	38,015	9,874	9,874	14,469	15,853	11,479	12,288
2008	광진구	소계	여자	36,684	38,441	10,402	10,402	14,638	15,906	11,644	12,133
2008	광진구	화양동	계	5,427	6,078	791	1,297	1,962	2,531	2,674	2,250
2008	광진구	화양동	남자	2,779	3,140	380	647	1,005	1,294	1,394	1,199
2008	광진구	화양동	여자	2,648	2,938	411	650	957	1,237	1,280	1,051
2008	광진구	군자동	계	4,888	4,712	906	1,041	2,338	2,108	1,644	1,563
2008	광진구	군자동	남자	2,483	2,397	463	517	1,172	1,073	848	807
2008	광진구	군자동	여자	2,405	2,315	443	524	1,166	1,035	796	756
2008	광진구	중곡1동	계	3,903	4,050	1,308	1,286	1,568	1,659	1,027	1,105
2008	광진구	중곡1동	남자	1,940	2,061	647	622	796	845	497	594
2008	광진구	중곡1동	여자	1,963	1,989	661	664	772	814	530	511
2008	광진구	중곡2동	계	4,698	4,945	1,723	1,614	1,852	1,919	1,123	1,412
2008	광진구	중곡2동	남자	2,290	2,389	809	776	927	951	554	662
2008	광진구	중곡2동	여자	2,408	2,556	914	838	925	968	569	750
2008	광진구	중곡3동	계	4,003	4,433	1,228	1,154	1,820	2,124	955	1,155
2008	광진구	중곡3동	남자	2,010	2,145	610	553	908	1,016	492	576
2008	광진구	중곡3동	여자	1,993	2,288	618	601	912	1,108	463	579
2008	광진구	중곡4동	계	6,113	6,380	2,124	1,908	2,477	2,582	1,512	1,890
2008	광진구	중곡4동	남자	2,923	3,101	1,037	903	1,165	1,271	721	927
2008	광진구	중곡4동	여자	3,190	3,279	1,087	1,005	1,312	1,311	791	963
2008	광진구	능동	계	2,475	2,570	652	701	970	1,082	853	787
2008	광진구	능동	남자	1,174	1,270	314	346	467	517	393	407
2008	광진구	능동	여자	1,301	1,300	338	355	503	565	460	380
2008	광진구	구의1동	계	5,152	5,553	1,528	1,393	1,853	2,224	1,771	1,936
2008	광진구	구의1동	남자	2,475	2,685	741	681	898	1,069	836	935
2008	광진구	구의1동	여자	2,677	2,868	787	712	955	1,155	935	1,001
2008	광진구	구의2동	계	4,866	5,189	1,606	1,433	1,881	2,027	1,379	1,729
2008	광진구	구의2동	남자	2,408	2,560	778	687	942	1,010	688	863
2008	광진구	구의2동	여자	2,458	2,629	828	746	939	1,017	691	866
2008	광진구	구의3동	계	5,178	5,650	1,413	1,363	2,063	2,486	1,702	1,801
2008	광진구	구의3동	남자	2,527	2,815	676	678	1,019	1,252	832	885
2008	광진구	구의3동	여자	2,651	2,835	737	685	1,044	1,234	870	916
2008	광진구	광장동	계	5,564	5,174	1,276	841	2,295	2,647	1,993	1,686
2008	광진구	광장동	남자	2,676	2,593	615	402	1,095	1,342	966	849
2008	광진구	광장동	여자	2,888	2,581	661	439	1,200	1,305	1,027	837
2008	광진구	자양1동	계	5,157	5,345	1,824	1,757	1,698	1,807	1,635	1,781
2008	광진구	자양1동	남자	2,538	2,664	870	852	829	911	839	901
2008	광진구	자양1동	여자	2,619	2,681	954	905	869	896	796	880
2008	광진구	자양2동	계	4,974	5,428	1,613	1,620	1,818	1,925	1,543	1,883
2008	광진구	자양2동	남자	2,494	2,671	795	775	916	962	783	934
2008	광진구	자양2동	여자	2,480	2,757	818	845	902	963	760	949
2008	광진구	자양3동	계	5,385	5,266	1,426	1,427	2,365	2,293	1,594	1,546
2008	광진구	자양3동	남자	2,674	2,642	697	705	1,226	1,155	751	782
2008	광진구	자양3동	여자	2,711	2,624	729	722	1,139	1,138	843	764
2008	광진구	자양4동	계	4,723	5,683	858	1,441	2,147	2,345	1,718	1,897
2008	광진구	자양4동	남자	2,431	2,882	442	730	1,104	1,185	885	967
2008	광진구	자양4동	여자	2,292	2,801	416	711	1,043	1,160	833	930
2008	동대문구	소계	계	69,935	78,269	24,004	24,004	26,586	32,230	19,345	22,035
2008	동대문구	소계	남자	35,912	39,858	12,016	12,016	13,728	16,277	10,168	11,565
2008	동대문구	소계	여자	34,023	38,411	11,988	11,988	12,858	15,953	9,177	10,470
2008	동대문구	신설동	계	1,999	2,047	306	366	1,175	1,114	518	567
2008	동대문구	신설동	남자	1,060	1,107	158	194	610	592	292	321
2008	동대문구	신설동	여자	939	940	148	172	565	522	226	246
2008	동대문구	제기1동	계	3,750	3,832	840	912	1,818	1,721	1,092	1,199
2008	동대문구	제기1동	남자	2,015	1,991	448	477	1,003	885	564	629
2008	동대문구	제기1동	여자	1,735	1,841	392	435	815	836	528	570
2008	동대문구	제기2동	계	2,105	2,867	576	876	948	1,217	581	774
2008	동대문구	제기2동	남자	1,132	1,468	303	444	525	626	304	398
2008	동대문구	제기2동	여자	973	1,399	273	432	423	591	277	376
2008	동대문구	전농1동	계	3,220	3,304	707	646	1,434	1,649	1,079	1,009
2008	동대문구	전농1동	남자	1,726	1,773	368	342	754	874	604	557
2008	동대문구	전농1동	여자	1,494	1,531	339	304	680	775	475	452
2008	동대문구	전농3동	계	1,879	5,645	779	2,759	610	1,887	490	999
2008	동대문구	전농3동	남자	948	2,814	401	1,377	301	919	246	518
2008	동대문구	전농3동	여자	931	2,831	378	1,382	309	968	244	481
2008	동대문구	답십리1동	계	4,006	5,211	1,917	1,970	999	1,959	1,090	1,282
2008	동대문구	답십리1동	남자	2,157	2,732	939	992	566	1,040	652	700
2008	동대문구	답십리1동	여자	1,849	2,479	978	978	433	919	438	582
2008	동대문구	답십리2동	계	3,020	3,363	1,450	1,138	1,017	1,316	553	909
2008	동대문구	답십리2동	남자	1,450	1,625	687	556	501	621	262	448
2008	동대문구	답십리2동	여자	1,570	1,738	763	582	516	695	291	461
2008	동대문구	답십리4동	계	1,723	1,852	806	699	562	688	355	465
2008	동대문구	답십리4동	남자	875	921	399	323	303	355	173	243
2008	동대문구	답십리4동	여자	848	931	407	376	259	333	182	222
2008	동대문구	장안1동	계	2,533	2,681	1,145	972	921	1,076	467	633
2008	동대문구	장안1동	남자	1,253	1,337	552	487	472	530	229	320
2008	동대문구	장안1동	여자	1,280	1,344	593	485	449	546	238	313
2008	동대문구	장안2동	계	2,943	3,242	1,006	960	1,215	1,375	722	907
2008	동대문구	장안2동	남자	1,535	1,660	523	471	616	684	396	505
2008	동대문구	장안2동	여자	1,408	1,582	483	489	599	691	326	402
2008	동대문구	장안3동	계	2,411	2,453	897	922	1,039	886	475	645
2008	동대문구	장안3동	남자	1,190	1,213	449	460	504	432	237	321
2008	동대문구	장안3동	여자	1,221	1,240	448	462	535	454	238	324
2008	동대문구	장안4동	계	3,504	3,756	1,283	1,237	1,384	1,460	837	1,059
2008	동대문구	장안4동	남자	1,852	1,977	663	649	731	768	458	560
2008	동대문구	장안4동	여자	1,652	1,779	620	588	653	692	379	499
2008	동대문구	회기동	계	4,024	3,758	1,452	1,110	1,622	1,562	950	1,086
2008	동대문구	회기동	남자	2,085	1,929	764	547	824	791	497	591
2008	동대문구	회기동	여자	1,939	1,829	688	563	798	771	453	495
2008	동대문구	휘경1동	계	3,402	3,408	1,067	954	1,578	1,542	757	912
2008	동대문구	휘경1동	남자	1,713	1,738	532	489	787	787	394	462
2008	동대문구	휘경1동	여자	1,689	1,670	535	465	791	755	363	450
2008	동대문구	휘경2동	계	2,884	2,868	1,337	978	919	1,078	628	812
2008	동대문구	휘경2동	남자	1,460	1,452	671	498	467	537	322	417
2008	동대문구	휘경2동	여자	1,424	1,416	666	480	452	541	306	395
2008	동대문구	이문1동	계	4,300	4,270	1,777	1,241	1,487	1,723	1,036	1,306
2008	동대문구	이문1동	남자	2,169	2,133	863	618	758	847	548	668
2008	동대문구	이문1동	여자	2,131	2,137	914	623	729	876	488	638
2008	동대문구	이문2동	계	2,753	3,287	696	1,050	841	1,184	1,216	1,053
2008	동대문구	이문2동	남자	1,413	1,678	350	526	445	592	618	560
2008	동대문구	이문2동	여자	1,340	1,609	346	524	396	592	598	493
2008	동대문구	이문3동	계	3,846	3,811	1,432	1,074	1,171	1,562	1,243	1,175
2008	동대문구	이문3동	남자	1,963	1,909	732	546	614	777	617	586
2008	동대문구	이문3동	여자	1,883	1,902	700	528	557	785	626	589
2008	동대문구	용두동	계	4,365	5,597	1,460	1,571	1,471	2,346	1,434	1,680
2008	동대문구	용두동	남자	2,202	2,849	692	802	730	1,171	780	876
2008	동대문구	용두동	여자	2,163	2,748	768	769	741	1,175	654	804
2008	동대문구	전농2동	계	2,919	2,839	969	798	984	1,119	966	922
2008	동대문구	전농2동	남자	1,455	1,397	465	374	500	553	490	470
2008	동대문구	전농2동	여자	1,464	1,442	504	424	484	566	476	452
2008	동대문구	답십리3동	계	4,421	4,397	1,275	1,197	1,326	1,677	1,820	1,523
2008	동대문구	답십리3동	남자	2,266	2,236	633	572	675	837	958	827
2008	동대문구	답십리3동	여자	2,155	2,161	642	625	651	840	862	696
2008	동대문구	청량리동	계	3,928	3,781	827	574	2,065	2,089	1,036	1,118
2008	동대문구	청량리동	남자	1,993	1,919	424	272	1,042	1,059	527	588
2008	동대문구	청량리동	여자	1,935	1,862	403	302	1,023	1,030	509	530
2008	중랑구	소계	계	79,115	80,820	29,741	29,741	28,926	25,691	20,448	25,388
2008	중랑구	소계	남자	39,705	40,300	14,715	14,715	14,702	12,709	10,288	12,876
2008	중랑구	소계	여자	39,410	40,520	15,026	15,026	14,224	12,982	10,160	12,512
2008	중랑구	면목2동	계	5,321	5,369	1,961	2,030	2,086	1,603	1,274	1,736
2008	중랑구	면목2동	남자	2,679	2,708	965	1,031	1,053	803	661	874
2008	중랑구	면목2동	여자	2,642	2,661	996	999	1,033	800	613	862
2008	중랑구	면목4동	계	4,337	4,711	920	1,233	2,228	2,002	1,189	1,476
2008	중랑구	면목4동	남자	2,130	2,264	453	618	1,128	959	549	687
2008	중랑구	면목4동	여자	2,207	2,447	467	615	1,100	1,043	640	789
2008	중랑구	면목5동	계	2,891	2,964	1,052	1,243	1,180	869	659	852
2008	중랑구	면목5동	남자	1,475	1,544	513	642	602	460	360	442
2008	중랑구	면목5동	여자	1,416	1,420	539	601	578	409	299	410
2008	중랑구	면목7동	계	5,009	5,271	1,579	1,829	2,271	2,005	1,159	1,437
2008	중랑구	면목7동	남자	2,475	2,621	776	919	1,117	977	582	725
2008	중랑구	면목7동	여자	2,534	2,650	803	910	1,154	1,028	577	712
2008	중랑구	상봉1동	계	4,342	4,455	2,054	1,771	1,262	1,285	1,026	1,399
2008	중랑구	상봉1동	남자	2,172	2,231	1,010	868	651	651	511	712
2008	중랑구	상봉1동	여자	2,170	2,224	1,044	903	611	634	515	687
2008	중랑구	상봉2동	계	4,366	4,359	1,682	1,849	1,452	1,149	1,232	1,361
2008	중랑구	상봉2동	남자	2,264	2,202	863	921	759	583	642	698
2008	중랑구	상봉2동	여자	2,102	2,157	819	928	693	566	590	663
2008	중랑구	중화1동	계	4,135	4,369	1,817	1,832	1,444	1,393	874	1,144
2008	중랑구	중화1동	남자	2,055	2,181	900	872	715	712	440	597
2008	중랑구	중화1동	여자	2,080	2,188	917	960	729	681	434	547
2008	중랑구	중화2동	계	5,684	5,967	1,837	2,076	2,187	1,893	1,660	1,998
2008	중랑구	중화2동	남자	2,879	3,031	911	1,048	1,108	936	860	1,047
2008	중랑구	중화2동	여자	2,805	2,936	926	1,028	1,079	957	800	951
2008	중랑구	묵1동	계	6,130	6,411	1,855	1,820	2,732	2,645	1,543	1,946
2008	중랑구	묵1동	남자	3,015	3,131	909	877	1,364	1,275	742	979
2008	중랑구	묵1동	여자	3,115	3,280	946	943	1,368	1,370	801	967
2008	중랑구	묵2동	계	4,124	4,211	1,472	1,364	1,605	1,537	1,047	1,310
2008	중랑구	묵2동	남자	2,090	2,136	723	680	852	787	515	669
2008	중랑구	묵2동	여자	2,034	2,075	749	684	753	750	532	641
2008	중랑구	망우3동	계	4,012	3,978	1,921	1,899	1,138	860	953	1,219
2008	중랑구	망우3동	남자	2,052	1,987	937	926	630	434	485	627
2008	중랑구	망우3동	여자	1,960	1,991	984	973	508	426	468	592
2008	중랑구	신내1동	계	4,296	4,676	1,802	1,793	1,311	1,356	1,183	1,527
2008	중랑구	신내1동	남자	2,145	2,341	883	876	646	645	616	820
2008	중랑구	신내1동	여자	2,151	2,335	919	917	665	711	567	707
2008	중랑구	신내2동	계	3,965	4,264	1,371	1,360	1,525	1,565	1,069	1,339
2008	중랑구	신내2동	남자	1,876	2,077	649	649	735	774	492	654
2008	중랑구	신내2동	여자	2,089	2,187	722	711	790	791	577	685
2008	중랑구	면목본동	계	7,124	7,257	2,808	2,915	2,424	2,082	1,892	2,260
2008	중랑구	면목본동	남자	3,596	3,548	1,419	1,440	1,225	999	952	1,109
2008	중랑구	면목본동	여자	3,528	3,709	1,389	1,475	1,199	1,083	940	1,151
2008	중랑구	면목3.8동	계	6,015	6,119	2,576	2,560	2,079	1,890	1,360	1,669
2008	중랑구	면목3.8동	남자	3,065	3,025	1,291	1,262	1,073	904	701	859
2008	중랑구	면목3.8동	여자	2,950	3,094	1,285	1,298	1,006	986	659	810
2008	중랑구	망우본동	계	7,364	6,439	3,034	2,167	2,002	1,557	2,328	2,715
2008	중랑구	망우본동	남자	3,737	3,273	1,513	1,086	1,044	810	1,180	1,377
2008	중랑구	망우본동	여자	3,627	3,166	1,521	1,081	958	747	1,148	1,338
2008	성북구	소계	계	87,700	87,222	25,181	25,181	39,919	38,064	22,600	23,977
2008	성북구	소계	남자	43,120	43,375	12,263	12,263	19,691	18,892	11,166	12,220
2008	성북구	소계	여자	44,580	43,847	12,918	12,918	20,228	19,172	11,434	11,757
2008	성북구	돈암1동	계	2,842	2,896	942	945	1,223	1,188	677	763
2008	성북구	돈암1동	남자	1,401	1,443	457	476	600	584	344	383
2008	성북구	돈암1동	여자	1,441	1,453	485	469	623	604	333	380
2008	성북구	돈암2동	계	4,203	4,185	1,552	1,443	1,731	1,815	920	927
2008	성북구	돈암2동	남자	1,952	1,976	688	659	812	854	452	463
2008	성북구	돈암2동	여자	2,251	2,209	864	784	919	961	468	464
2008	성북구	안암동	계	4,227	4,390	888	1,043	1,699	1,899	1,640	1,448
2008	성북구	안암동	남자	2,227	2,319	435	512	879	1,008	913	799
2008	성북구	안암동	여자	2,000	2,071	453	531	820	891	727	649
2008	성북구	보문동	계	3,431	3,600	819	1,052	1,687	1,617	925	931
2008	성북구	보문동	남자	1,705	1,762	384	494	858	791	463	477
2008	성북구	보문동	여자	1,726	1,838	435	558	829	826	462	454
2008	성북구	정능1동	계	3,867	3,592	1,589	1,567	1,452	1,196	826	829
2008	성북구	정능1동	남자	1,889	1,762	778	763	705	588	406	411
2008	성북구	정능1동	여자	1,978	1,830	811	804	747	608	420	418
2008	성북구	정능2동	계	5,473	5,053	2,367	2,016	2,074	1,730	1,032	1,307
2008	성북구	정능2동	남자	2,658	2,534	1,163	986	1,005	885	490	663
2008	성북구	정능2동	여자	2,815	2,519	1,204	1,030	1,069	845	542	644
2008	성북구	정능3동	계	3,552	3,814	1,128	1,252	1,190	1,356	1,234	1,206
2008	성북구	정능3동	남자	1,908	2,014	574	639	617	732	717	643
2008	성북구	정능3동	여자	1,644	1,800	554	613	573	624	517	563
2008	성북구	정능4동	계	5,981	4,941	1,845	1,421	2,847	2,067	1,289	1,453
2008	성북구	정능4동	남자	2,899	2,458	906	701	1,389	1,023	604	734
2008	성북구	정능4동	여자	3,082	2,483	939	720	1,458	1,044	685	719
2008	성북구	길음1동	계	4,499	4,706	938	1,101	2,405	2,283	1,156	1,322
2008	성북구	길음1동	남자	2,154	2,268	437	541	1,153	1,084	564	643
2008	성북구	길음1동	여자	2,345	2,438	501	560	1,252	1,199	592	679
2008	성북구	길음2동	계	3,896	3,798	900	766	2,024	2,045	972	987
2008	성북구	길음2동	남자	1,890	1,862	444	381	978	991	468	490
2008	성북구	길음2동	여자	2,006	1,936	456	385	1,046	1,054	504	497
2008	성북구	월곡1동	계	4,930	4,389	1,289	1,134	2,623	1,968	1,018	1,287
2008	성북구	월곡1동	남자	2,413	2,200	647	568	1,295	977	471	655
2008	성북구	월곡1동	여자	2,517	2,189	642	566	1,328	991	547	632
2008	성북구	월곡2동	계	4,520	3,641	1,435	1,161	2,034	1,463	1,051	1,017
2008	성북구	월곡2동	남자	2,172	1,788	704	580	986	689	482	519
2008	성북구	월곡2동	여자	2,348	1,853	731	581	1,048	774	569	498
2008	성북구	장위1동	계	4,506	4,626	1,332	1,141	2,175	2,171	999	1,314
2008	성북구	장위1동	남자	2,212	2,306	656	555	1,063	1,073	493	678
2008	성북구	장위1동	여자	2,294	2,320	676	586	1,112	1,098	506	636
2008	성북구	장위2동	계	3,860	3,893	1,386	1,218	1,556	1,694	918	981
2008	성북구	장위2동	남자	1,975	1,975	716	590	807	881	452	504
2008	성북구	장위2동	여자	1,885	1,918	670	628	749	813	466	477
2008	성북구	장위3동	계	3,078	3,021	816	704	1,525	1,507	737	810
2008	성북구	장위3동	남자	1,571	1,550	408	357	771	759	392	434
2008	성북구	장위3동	여자	1,507	1,471	408	347	754	748	345	376
2008	성북구	성북동	계	3,866	3,839	1,153	1,319	1,686	1,492	1,027	1,028
2008	성북구	성북동	남자	1,812	1,787	540	569	797	716	475	502
2008	성북구	성북동	여자	2,054	2,052	613	750	889	776	552	526
2008	성북구	삼선동	계	5,335	5,684	1,480	1,691	2,409	2,482	1,446	1,511
2008	성북구	삼선동	남자	2,600	2,792	716	822	1,162	1,236	722	734
2008	성북구	삼선동	여자	2,735	2,892	764	869	1,247	1,246	724	777
2008	성북구	동선동	계	3,695	3,921	1,232	1,514	1,279	1,399	1,184	1,008
2008	성북구	동선동	남자	1,620	1,753	544	715	621	587	455	451
2008	성북구	동선동	여자	2,075	2,168	688	799	658	812	729	557
2008	성북구	종암동	계	6,180	6,741	1,168	1,616	3,050	3,228	1,962	1,897
2008	성북구	종암동	남자	3,186	3,535	615	821	1,559	1,670	1,012	1,044
2008	성북구	종암동	여자	2,994	3,206	553	795	1,491	1,558	950	853
2008	성북구	석관동	계	5,759	6,492	922	1,077	3,250	3,464	1,587	1,951
2008	성북구	석관동	남자	2,876	3,291	451	534	1,634	1,764	791	993
2008	성북구	석관동	여자	2,883	3,201	471	543	1,616	1,700	796	958
2008	강북구	소계	계	63,075	68,257	22,864	22,864	26,409	27,403	13,802	17,990
2008	강북구	소계	남자	30,910	33,703	11,228	11,228	12,992	13,474	6,690	9,001
2008	강북구	소계	여자	32,165	34,554	11,636	11,636	13,417	13,929	7,112	8,989
2008	강북구	번1동	계	7,078	6,693	3,124	2,653	2,573	2,366	1,381	1,674
2008	강북구	번1동	남자	3,505	3,306	1,562	1,313	1,272	1,151	671	842
2008	강북구	번1동	여자	3,573	3,387	1,562	1,340	1,301	1,215	710	832
2008	강북구	번2동	계	5,357	5,431	2,198	2,159	2,020	1,925	1,139	1,347
2008	강북구	번2동	남자	2,703	2,752	1,083	1,076	1,036	963	584	713
2008	강북구	번2동	여자	2,654	2,679	1,115	1,083	984	962	555	634
2008	강북구	번3동	계	6,291	6,601	2,006	1,917	2,845	2,957	1,440	1,727
2008	강북구	번3동	남자	3,007	3,202	951	903	1,365	1,439	691	860
2008	강북구	번3동	여자	3,284	3,399	1,055	1,014	1,480	1,518	749	867
2008	강북구	수유1동	계	5,976	7,176	2,393	2,812	2,346	2,719	1,237	1,645
2008	강북구	수유1동	남자	2,965	3,540	1,199	1,385	1,163	1,329	603	826
2008	강북구	수유1동	여자	3,011	3,636	1,194	1,427	1,183	1,390	634	819
2008	강북구	수유2동	계	3,453	5,669	814	2,173	1,716	2,265	923	1,231
2008	강북구	수유2동	남자	1,626	2,828	391	1,095	815	1,122	420	611
2008	강북구	수유2동	여자	1,827	2,841	423	1,078	901	1,143	503	620
2008	강북구	수유3동	계	3,996	4,240	1,141	1,018	1,808	1,971	1,047	1,251
2008	강북구	수유3동	남자	1,990	2,053	573	479	905	981	512	593
2008	강북구	수유3동	여자	2,006	2,187	568	539	903	990	535	658
2008	강북구	삼양동	계	3,119	3,547	1,060	1,086	1,312	1,404	747	1,057
2008	강북구	삼양동	남자	1,530	1,780	497	518	654	720	379	542
2008	강북구	삼양동	여자	1,589	1,767	563	568	658	684	368	515
2008	강북구	미아동	계	2,667	3,003	592	591	1,439	1,486	636	926
2008	강북구	미아동	남자	1,277	1,469	274	277	715	738	288	454
2008	강북구	미아동	여자	1,390	1,534	318	314	724	748	348	472
2008	강북구	송중동	계	4,584	4,651	1,928	1,712	1,675	1,647	981	1,292
2008	강북구	송중동	남자	2,266	2,333	947	827	839	833	480	673
2008	강북구	송중동	여자	2,318	2,318	981	885	836	814	501	619
2008	강북구	송천동	계	4,341	4,600	1,648	1,432	1,778	1,881	915	1,287
2008	강북구	송천동	남자	2,069	2,251	805	714	850	909	414	628
2008	강북구	송천동	여자	2,272	2,349	843	718	928	972	501	659
2008	강북구	삼각산동	계	5,506	5,486	1,908	1,662	2,410	2,343	1,188	1,481
2008	강북구	삼각산동	남자	2,735	2,658	942	833	1,200	1,138	593	687
2008	강북구	삼각산동	여자	2,771	2,828	966	829	1,210	1,205	595	794
2008	강북구	우이동	계	4,280	4,433	1,424	1,131	2,011	2,007	845	1,295
2008	강북구	우이동	남자	2,082	2,142	716	553	956	944	410	645
2008	강북구	우이동	여자	2,198	2,291	708	578	1,055	1,063	435	650
2008	강북구	인수동	계	6,427	6,727	2,628	2,518	2,476	2,432	1,323	1,777
2008	강북구	인수동	남자	3,155	3,389	1,288	1,255	1,222	1,207	645	927
2008	강북구	인수동	여자	3,272	3,338	1,340	1,263	1,254	1,225	678	850
2008	도봉구	소계	계	66,651	70,401	21,559	21,559	27,959	27,174	17,133	21,668
2008	도봉구	소계	남자	32,693	34,609	10,523	10,523	13,724	13,204	8,446	10,882
2008	도봉구	소계	여자	33,958	35,792	11,036	11,036	14,235	13,970	8,687	10,786
2008	도봉구	쌍문1동	계	4,261	4,692	901	1,015	2,405	2,381	955	1,296
2008	도봉구	쌍문1동	남자	2,079	2,291	432	498	1,182	1,133	465	660
2008	도봉구	쌍문1동	여자	2,182	2,401	469	517	1,223	1,248	490	636
2008	도봉구	쌍문2동	계	4,322	4,378	1,746	1,714	1,608	1,364	968	1,300
2008	도봉구	쌍문2동	남자	2,067	2,150	841	857	772	646	454	647
2008	도봉구	쌍문2동	여자	2,255	2,228	905	857	836	718	514	653
2008	도봉구	쌍문3동	계	3,833	3,866	1,145	1,354	1,792	1,406	896	1,106
2008	도봉구	쌍문3동	남자	1,890	1,863	556	645	890	675	444	543
2008	도봉구	쌍문3동	여자	1,943	2,003	589	709	902	731	452	563
2008	도봉구	쌍문4동	계	3,693	3,799	1,639	1,517	1,263	1,305	791	977
2008	도봉구	쌍문4동	남자	1,765	1,848	771	740	610	625	384	483
2008	도봉구	쌍문4동	여자	1,928	1,951	868	777	653	680	407	494
2008	도봉구	방학1동	계	6,188	6,506	2,574	2,340	2,101	2,215	1,513	1,951
2008	도봉구	방학1동	남자	3,086	3,245	1,284	1,140	1,045	1,125	757	980
2008	도봉구	방학1동	여자	3,102	3,261	1,290	1,200	1,056	1,090	756	971
2008	도봉구	방학2동	계	4,922	4,945	1,990	1,994	1,675	1,393	1,257	1,558
2008	도봉구	방학2동	남자	2,441	2,450	974	978	841	671	626	801
2008	도봉구	방학2동	여자	2,481	2,495	1,016	1,016	834	722	631	757
2008	도봉구	방학3동	계	4,998	5,339	1,881	1,870	1,944	1,978	1,173	1,491
2008	도봉구	방학3동	남자	2,446	2,602	928	877	942	980	576	745
2008	도봉구	방학3동	여자	2,552	2,737	953	993	1,002	998	597	746
2008	도봉구	창1동	계	5,027	5,477	1,495	1,741	2,146	2,104	1,386	1,632
2008	도봉구	창1동	남자	2,405	2,662	725	832	1,049	1,026	631	804
2008	도봉구	창1동	여자	2,622	2,815	770	909	1,097	1,078	755	828
2008	도봉구	창2동	계	6,019	6,282	1,744	1,772	2,837	2,637	1,438	1,873
2008	도봉구	창2동	남자	2,937	3,068	858	870	1,373	1,258	706	940
2008	도봉구	창2동	여자	3,082	3,214	886	902	1,464	1,379	732	933
2008	도봉구	창3동	계	3,017	3,208	766	818	1,617	1,488	634	902
2008	도봉구	창3동	남자	1,532	1,600	373	403	832	736	327	461
2008	도봉구	창3동	여자	1,485	1,608	393	415	785	752	307	441
2008	도봉구	창4동	계	5,066	5,251	1,094	1,020	2,385	2,539	1,587	1,692
2008	도봉구	창4동	남자	2,467	2,587	518	505	1,151	1,229	798	853
2008	도봉구	창4동	여자	2,599	2,664	576	515	1,234	1,310	789	839
2008	도봉구	창5동	계	5,219	5,498	1,821	1,462	2,092	2,365	1,306	1,671
2008	도봉구	창5동	남자	2,525	2,651	870	701	1,017	1,141	638	809
2008	도봉구	창5동	여자	2,694	2,847	951	761	1,075	1,224	668	862
2008	도봉구	도봉1동	계	4,841	5,405	1,386	1,595	1,871	1,695	1,584	2,115
2008	도봉구	도봉1동	남자	2,475	2,739	721	804	949	827	805	1,108
2008	도봉구	도봉1동	여자	2,366	2,666	665	791	922	868	779	1,007
2008	도봉구	도봉2동	계	5,498	6,025	1,451	1,438	2,328	2,418	1,719	2,169
2008	도봉구	도봉2동	남자	2,708	2,986	713	713	1,124	1,192	871	1,081
2008	도봉구	도봉2동	여자	2,790	3,039	738	725	1,204	1,226	848	1,088
2008	노원구	소계	계	100,614	104,915	32,435	32,435	38,734	38,372	29,445	34,108
2008	노원구	소계	남자	48,553	51,207	15,548	15,548	18,964	18,730	14,041	16,929
2008	노원구	소계	여자	52,061	53,708	16,887	16,887	19,770	19,642	15,404	17,179
2008	노원구	월계1동	계	3,167	3,392	873	764	1,374	1,543	920	1,085
2008	노원구	월계1동	남자	1,614	1,683	436	369	690	760	488	554
2008	노원구	월계1동	여자	1,553	1,709	437	395	684	783	432	531
2008	노원구	월계2동	계	3,714	3,946	542	683	2,187	1,933	985	1,330
2008	노원구	월계2동	남자	1,808	1,960	267	333	1,075	966	466	661
2008	노원구	월계2동	여자	1,906	1,986	275	350	1,112	967	519	669
2008	노원구	월계3동	계	7,790	8,325	1,674	1,898	3,905	3,637	2,211	2,790
2008	노원구	월계3동	남자	3,811	4,192	810	936	1,926	1,844	1,075	1,412
2008	노원구	월계3동	여자	3,979	4,133	864	962	1,979	1,793	1,136	1,378
2008	노원구	공릉2동	계	7,448	8,003	1,613	1,804	2,859	3,135	2,976	3,064
2008	노원구	공릉2동	남자	3,662	3,915	798	873	1,425	1,550	1,439	1,492
2008	노원구	공릉2동	여자	3,786	4,088	815	931	1,434	1,585	1,537	1,572
2008	노원구	하계1동	계	4,955	5,073	1,734	1,684	1,929	1,977	1,292	1,412
2008	노원구	하계1동	남자	2,431	2,521	835	819	953	966	643	736
2008	노원구	하계1동	여자	2,524	2,552	899	865	976	1,011	649	676
2008	노원구	하계2동	계	3,822	3,960	1,429	1,305	1,416	1,482	977	1,173
2008	노원구	하계2동	남자	1,836	1,907	668	628	702	719	466	560
2008	노원구	하계2동	여자	1,986	2,053	761	677	714	763	511	613
2008	노원구	중계본동	계	4,663	4,693	1,827	1,669	1,589	1,755	1,247	1,269
2008	노원구	중계본동	남자	2,260	2,278	898	796	746	845	616	637
2008	노원구	중계본동	여자	2,403	2,415	929	873	843	910	631	632
2008	노원구	중계1동	계	4,996	4,995	1,852	2,028	1,690	1,650	1,454	1,317
2008	노원구	중계1동	남자	2,431	2,478	896	997	843	813	692	668
2008	노원구	중계1동	여자	2,565	2,517	956	1,031	847	837	762	649
2008	노원구	중계4동	계	4,176	4,214	1,781	1,744	1,263	1,206	1,132	1,264
2008	노원구	중계4동	남자	2,052	2,050	885	841	615	578	552	631
2008	노원구	중계4동	여자	2,124	2,164	896	903	648	628	580	633
2008	노원구	상계1동	계	6,203	6,704	2,015	1,651	2,224	2,529	1,964	2,524
2008	노원구	상계1동	남자	3,007	3,242	965	796	1,102	1,173	940	1,273
2008	노원구	상계1동	여자	3,196	3,462	1,050	855	1,122	1,356	1,024	1,251
2008	노원구	상계2동	계	4,555	4,655	2,248	1,880	1,229	1,481	1,078	1,294
2008	노원구	상계2동	남자	2,182	2,257	1,060	895	625	707	497	655
2008	노원구	상계2동	여자	2,373	2,398	1,188	985	604	774	581	639
2008	노원구	상계5동	계	4,619	4,895	2,123	2,123	1,351	1,346	1,145	1,426
2008	노원구	상계5동	남자	2,196	2,411	979	1,021	659	660	558	730
2008	노원구	상계5동	여자	2,423	2,484	1,144	1,102	692	686	587	696
2008	노원구	상계8동	계	5,176	5,673	1,391	1,811	2,192	1,864	1,593	1,998
2008	노원구	상계8동	남자	2,327	2,644	642	852	991	876	694	916
2008	노원구	상계8동	여자	2,849	3,029	749	959	1,201	988	899	1,082
2008	노원구	상계9동	계	4,526	4,627	1,819	1,698	1,408	1,421	1,299	1,508
2008	노원구	상계9동	남자	2,173	2,270	880	818	680	694	613	758
2008	노원구	상계9동	여자	2,353	2,357	939	880	728	727	686	750
2008	노원구	상계10동	계	4,285	4,272	1,555	1,476	1,506	1,482	1,224	1,314
2008	노원구	상계10동	남자	2,006	1,994	740	674	706	710	560	610
2008	노원구	상계10동	여자	2,279	2,278	815	802	800	772	664	704
2008	노원구	공릉1.3동	계	7,009	7,497	1,753	2,037	3,037	2,913	2,219	2,547
2008	노원구	공릉1.3동	남자	3,490	3,768	878	1,009	1,538	1,470	1,074	1,289
2008	노원구	공릉1.3동	여자	3,519	3,729	875	1,028	1,499	1,443	1,145	1,258
2008	노원구	상계3.4동	계	5,962	6,206	2,215	1,813	1,957	1,981	1,790	2,412
2008	노원구	상계3.4동	남자	2,972	3,073	1,099	871	1,015	980	858	1,222
2008	노원구	상계3.4동	여자	2,990	3,133	1,116	942	942	1,001	932	1,190
2008	노원구	상계6.7동	계	6,645	7,090	1,756	2,066	2,706	2,669	2,183	2,355
2008	노원구	상계6.7동	남자	3,052	3,338	776	933	1,289	1,274	987	1,131
2008	노원구	상계6.7동	여자	3,593	3,752	980	1,133	1,417	1,395	1,196	1,224
2008	노원구	중계2.3동	계	6,903	6,695	2,235	2,301	2,912	2,368	1,756	2,026
2008	노원구	중계2.3동	남자	3,243	3,226	1,036	1,087	1,384	1,145	823	994
2008	노원구	중계2.3동	여자	3,660	3,469	1,199	1,214	1,528	1,223	933	1,032
2008	은평구	소계	계	105,127	108,163	46,240	46,240	34,881	28,495	24,006	33,428
2008	은평구	소계	남자	51,405	53,132	22,467	22,467	17,155	14,053	11,783	16,612
2008	은평구	소계	여자	53,722	55,031	23,773	23,773	17,726	14,442	12,223	16,816
2008	은평구	녹번동	계	7,915	7,698	3,275	2,887	2,655	2,287	1,985	2,524
2008	은평구	녹번동	남자	3,855	3,802	1,593	1,408	1,320	1,144	942	1,250
2008	은평구	녹번동	여자	4,060	3,896	1,682	1,479	1,335	1,143	1,043	1,274
2008	은평구	불광1동	계	6,981	6,209	3,042	2,439	2,169	1,784	1,770	1,986
2008	은평구	불광1동	남자	3,341	3,031	1,448	1,173	1,048	884	845	974
2008	은평구	불광1동	여자	3,640	3,178	1,594	1,266	1,121	900	925	1,012
2008	은평구	불광2동	계	6,717	9,382	3,174	4,393	1,751	2,066	1,792	2,923
2008	은평구	불광2동	남자	3,330	4,567	1,601	2,170	839	977	890	1,420
2008	은평구	불광2동	여자	3,387	4,815	1,573	2,223	912	1,089	902	1,503
2008	은평구	갈현1동	계	5,451	5,658	2,446	2,217	1,390	1,210	1,615	2,231
2008	은평구	갈현1동	남자	2,678	2,790	1,205	1,102	682	599	791	1,089
2008	은평구	갈현1동	여자	2,773	2,868	1,241	1,115	708	611	824	1,142
2008	은평구	갈현2동	계	6,177	6,497	3,243	2,861	1,372	1,508	1,562	2,128
2008	은평구	갈현2동	남자	2,969	3,092	1,561	1,356	668	747	740	989
2008	은평구	갈현2동	여자	3,208	3,405	1,682	1,505	704	761	822	1,139
2008	은평구	구산동	계	6,911	7,076	3,489	3,198	1,873	1,576	1,549	2,302
2008	은평구	구산동	남자	3,537	3,602	1,683	1,530	1,006	834	848	1,238
2008	은평구	구산동	여자	3,374	3,474	1,806	1,668	867	742	701	1,064
2008	은평구	대조동	계	6,896	6,952	3,457	2,882	1,739	1,701	1,700	2,369
2008	은평구	대조동	남자	3,286	3,381	1,656	1,406	822	818	808	1,157
2008	은평구	대조동	여자	3,610	3,571	1,801	1,476	917	883	892	1,212
2008	은평구	응암1동	계	7,464	7,138	3,484	2,812	2,360	2,099	1,620	2,227
2008	은평구	응암1동	남자	3,612	3,468	1,658	1,325	1,169	1,038	785	1,105
2008	은평구	응암1동	여자	3,852	3,670	1,826	1,487	1,191	1,061	835	1,122
2008	은평구	응암2동	계	3,528	11,648	1,477	6,126	1,263	3,103	788	2,419
2008	은평구	응암2동	남자	1,714	5,742	705	3,009	616	1,536	393	1,197
2008	은평구	응암2동	여자	1,814	5,906	772	3,117	647	1,567	395	1,222
2008	은평구	응암3동	계	8,298	7,454	3,902	3,026	2,938	2,272	1,458	2,156
2008	은평구	응암3동	남자	4,077	3,606	1,923	1,434	1,421	1,100	733	1,072
2008	은평구	응암3동	여자	4,221	3,848	1,979	1,592	1,517	1,172	725	1,084
2008	은평구	역촌동	계	10,652	11,476	5,291	5,559	3,173	2,589	2,188	3,328
2008	은평구	역촌동	남자	5,104	5,576	2,538	2,660	1,528	1,275	1,038	1,641
2008	은평구	역촌동	여자	5,548	5,900	2,753	2,899	1,645	1,314	1,150	1,687
2008	은평구	신사1동	계	5,555	6,170	2,771	2,873	1,723	1,473	1,061	1,824
2008	은평구	신사1동	남자	2,717	3,020	1,323	1,430	851	686	543	904
2008	은평구	신사1동	여자	2,838	3,150	1,448	1,443	872	787	518	920
2008	은평구	신사2동	계	4,889	4,886	2,104	1,924	1,724	1,467	1,061	1,495
2008	은평구	신사2동	남자	2,489	2,472	1,085	961	867	760	537	751
2008	은평구	신사2동	여자	2,400	2,414	1,019	963	857	707	524	744
2008	은평구	증산동	계	4,127	3,953	1,134	1,176	1,965	1,540	1,028	1,237
2008	은평구	증산동	남자	2,053	2,000	560	575	992	771	501	654
2008	은평구	증산동	여자	2,074	1,953	574	601	973	769	527	583
2008	은평구	수색동	계	3,269	3,661	696	851	1,479	1,198	1,094	1,612
2008	은평구	수색동	남자	1,634	1,814	341	427	719	572	574	815
2008	은평구	수색동	여자	1,635	1,847	355	424	760	626	520	797
2008	은평구	진관동	계	10,297	2,305	3,255	1,016	5,307	622	1,735	667
2008	은평구	진관동	남자	5,009	1,169	1,587	501	2,607	312	815	356
2008	은평구	진관동	여자	5,288	1,136	1,668	515	2,700	310	920	311
2008	서대문구	소계	계	67,973	86,337	21,872	21,872	28,135	40,672	17,966	23,793
2008	서대문구	소계	남자	33,000	41,971	10,496	10,496	13,768	19,658	8,736	11,817
2008	서대문구	소계	여자	34,973	44,366	11,376	11,376	14,367	21,014	9,230	11,976
2008	서대문구	천연동	계	3,711	4,450	650	586	2,042	2,625	1,019	1,239
2008	서대문구	천연동	남자	1,784	2,173	305	295	984	1,245	495	633
2008	서대문구	천연동	여자	1,927	2,277	345	291	1,058	1,380	524	606
2008	서대문구	홍제1동	계	5,121	5,465	1,719	1,461	2,100	2,436	1,302	1,568
2008	서대문구	홍제1동	남자	2,436	2,618	814	685	1,017	1,151	605	782
2008	서대문구	홍제1동	여자	2,685	2,847	905	776	1,083	1,285	697	786
2008	서대문구	홍제3동	계	3,719	3,794	1,186	1,057	1,606	1,618	927	1,119
2008	서대문구	홍제3동	남자	1,809	1,861	575	517	801	781	433	563
2008	서대문구	홍제3동	여자	1,910	1,933	611	540	805	837	494	556
2008	서대문구	홍제2동	계	2,711	2,949	847	560	1,214	1,643	650	746
2008	서대문구	홍제2동	남자	1,292	1,428	398	271	592	804	302	353
2008	서대문구	홍제2동	여자	1,419	1,521	449	289	622	839	348	393
2008	서대문구	홍은1동	계	4,179	4,715	1,262	1,139	1,823	2,119	1,094	1,457
2008	서대문구	홍은1동	남자	2,056	2,300	630	557	899	1,010	527	733
2008	서대문구	홍은1동	여자	2,123	2,415	632	582	924	1,109	567	724
2008	서대문구	홍은2동	계	6,234	6,024	2,425	1,707	2,404	2,508	1,405	1,809
2008	서대문구	홍은2동	남자	3,029	2,884	1,176	766	1,168	1,216	685	902
2008	서대문구	홍은2동	여자	3,205	3,140	1,249	941	1,236	1,292	720	907
2008	서대문구	남가좌1동	계	1,464	12,072	469	4,526	554	5,300	441	2,246
2008	서대문구	남가좌1동	남자	737	5,860	223	2,204	284	2,552	230	1,104
2008	서대문구	남가좌1동	여자	727	6,212	246	2,322	270	2,748	211	1,142
2008	서대문구	남가좌2동	계	6,481	6,351	3,264	1,813	1,842	2,641	1,375	1,897
2008	서대문구	남가좌2동	남자	3,141	3,106	1,562	894	901	1,287	678	925
2008	서대문구	남가좌2동	여자	3,340	3,245	1,702	919	941	1,354	697	972
2008	서대문구	북가좌1동	계	2,179	10,743	765	3,607	849	4,943	565	2,193
2008	서대문구	북가좌1동	남자	1,086	5,303	378	1,749	413	2,443	295	1,111
2008	서대문구	북가좌1동	여자	1,093	5,440	387	1,858	436	2,500	270	1,082
2008	서대문구	북가좌2동	계	7,768	6,923	4,032	1,185	2,439	3,625	1,297	2,113
2008	서대문구	북가좌2동	남자	3,764	3,410	1,953	573	1,189	1,768	622	1,069
2008	서대문구	북가좌2동	여자	4,004	3,513	2,079	612	1,250	1,857	675	1,044
2008	서대문구	충현동	계	5,442	4,593	1,053	927	2,967	2,241	1,422	1,425
2008	서대문구	충현동	남자	2,715	2,302	514	451	1,504	1,121	697	730
2008	서대문구	충현동	여자	2,727	2,291	539	476	1,463	1,120	725	695
2008	서대문구	북아현동	계	4,220	3,885	643	733	2,293	1,967	1,284	1,185
2008	서대문구	북아현동	남자	2,040	1,838	301	342	1,149	936	590	560
2008	서대문구	북아현동	여자	2,180	2,047	342	391	1,144	1,031	694	625
2008	서대문구	신촌동	계	5,733	5,694	671	712	2,559	3,024	2,503	1,958
2008	서대문구	신촌동	남자	2,647	2,637	304	330	1,192	1,380	1,151	927
2008	서대문구	신촌동	여자	3,086	3,057	367	382	1,367	1,644	1,352	1,031
2008	서대문구	연희동	계	9,011	8,679	2,886	1,859	3,443	3,982	2,682	2,838
2008	서대문구	연희동	남자	4,464	4,251	1,363	862	1,675	1,964	1,426	1,425
2008	서대문구	연희동	여자	4,547	4,428	1,523	997	1,768	2,018	1,256	1,413
2008	마포구	소계	계	82,753	93,253	24,965	24,965	33,960	41,569	23,828	26,719
2008	마포구	소계	남자	40,344	45,863	12,021	12,021	16,606	20,476	11,717	13,366
2008	마포구	소계	여자	42,409	47,390	12,944	12,944	17,354	21,093	12,111	13,353
2008	마포구	용강동	계	4,060	4,268	1,160	1,025	1,683	2,085	1,217	1,158
2008	마포구	용강동	남자	1,968	2,053	554	473	815	999	599	581
2008	마포구	용강동	여자	2,092	2,215	606	552	868	1,086	618	577
2008	마포구	대흥동	계	4,362	4,332	1,233	1,070	1,468	1,795	1,661	1,467
2008	마포구	대흥동	남자	2,220	2,147	603	508	755	904	862	735
2008	마포구	대흥동	여자	2,142	2,185	630	562	713	891	799	732
2008	마포구	염리동	계	3,780	4,098	1,502	1,096	1,214	1,802	1,064	1,200
2008	마포구	염리동	남자	1,878	2,027	737	532	617	897	524	598
2008	마포구	염리동	여자	1,902	2,071	765	564	597	905	540	602
2008	마포구	신수동	계	4,760	4,657	1,635	1,513	1,748	1,714	1,377	1,430
2008	마포구	신수동	남자	2,409	2,362	781	725	890	870	738	767
2008	마포구	신수동	여자	2,351	2,295	854	788	858	844	639	663
2008	마포구	서교동	계	7,858	8,315	2,091	2,449	2,839	3,249	2,928	2,617
2008	마포구	서교동	남자	3,759	3,997	1,001	1,164	1,344	1,547	1,414	1,286
2008	마포구	서교동	여자	4,099	4,318	1,090	1,285	1,495	1,702	1,514	1,331
2008	마포구	합정동	계	4,746	5,103	1,554	1,681	1,761	1,863	1,431	1,559
2008	마포구	합정동	남자	2,346	2,518	775	809	865	909	706	800
2008	마포구	합정동	여자	2,400	2,585	779	872	896	954	725	759
2008	마포구	망원1동	계	5,209	5,210	2,130	1,929	1,756	1,653	1,323	1,628
2008	마포구	망원1동	남자	2,552	2,587	1,025	956	874	827	653	804
2008	마포구	망원1동	여자	2,657	2,623	1,105	973	882	826	670	824
2008	마포구	망원2동	계	4,177	4,265	1,692	1,506	1,435	1,443	1,050	1,316
2008	마포구	망원2동	남자	2,061	2,138	824	742	726	733	511	663
2008	마포구	망원2동	여자	2,116	2,127	868	764	709	710	539	653
2008	마포구	연남동	계	4,668	4,679	1,338	1,281	2,045	2,028	1,285	1,370
2008	마포구	연남동	남자	2,208	2,285	603	613	987	989	618	683
2008	마포구	연남동	여자	2,460	2,394	735	668	1,058	1,039	667	687
2008	마포구	성산1동	계	4,861	4,620	2,066	1,888	1,688	1,469	1,107	1,263
2008	마포구	성산1동	남자	2,357	2,259	989	893	828	738	540	628
2008	마포구	성산1동	여자	2,504	2,361	1,077	995	860	731	567	635
2008	마포구	성산2동	계	6,374	6,630	1,438	1,332	3,068	3,009	1,868	2,289
2008	마포구	성산2동	남자	3,021	3,203	673	612	1,475	1,478	873	1,113
2008	마포구	성산2동	여자	3,353	3,427	765	720	1,593	1,531	995	1,176
2008	마포구	상암동	계	5,953	3,653	1,591	440	3,146	1,795	1,216	1,418
2008	마포구	상암동	남자	2,844	1,853	745	225	1,511	909	588	719
2008	마포구	상암동	여자	3,109	1,800	846	215	1,635	886	628	699
2008	마포구	도화동	계	3,776	4,124	775	696	1,868	2,199	1,133	1,229
2008	마포구	도화동	남자	1,870	2,023	389	342	908	1,069	573	612
2008	마포구	도화동	여자	1,906	2,101	386	354	960	1,130	560	617
2008	마포구	서강동	계	7,449	5,247	2,130	1,504	3,176	2,155	2,143	1,588
2008	마포구	서강동	남자	3,561	2,550	1,030	693	1,513	1,050	1,018	807
2008	마포구	서강동	여자	3,888	2,697	1,100	811	1,663	1,105	1,125	781
2008	마포구	공덕동	계	7,051	8,991	1,880	1,358	3,300	5,216	1,871	2,417
2008	마포구	공덕동	남자	3,482	4,443	909	669	1,640	2,572	933	1,202
2008	마포구	공덕동	여자	3,569	4,548	971	689	1,660	2,644	938	1,215
2008	마포구	아현동	계	3,669	15,061	750	4,197	1,765	8,094	1,154	2,770
2008	마포구	아현동	남자	1,808	7,418	383	2,065	858	3,985	567	1,368
2008	마포구	아현동	여자	1,861	7,643	367	2,132	907	4,109	587	1,402
2008	양천구	소계	계	84,543	88,566	25,545	25,545	33,521	34,442	25,477	28,579
2008	양천구	소계	남자	41,868	44,025	12,473	12,473	16,646	16,963	12,749	14,589
2008	양천구	소계	여자	42,675	44,541	13,072	13,072	16,875	17,479	12,728	13,990
2008	양천구	목1동	계	4,957	4,856	1,513	1,293	1,930	2,157	1,514	1,406
2008	양천구	목1동	남자	2,338	2,346	708	631	900	1,020	730	695
2008	양천구	목1동	여자	2,619	2,510	805	662	1,030	1,137	784	711
2008	양천구	목2동	계	5,955	5,644	1,572	1,227	2,591	2,390	1,792	2,027
2008	양천구	목2동	남자	2,894	2,806	756	596	1,244	1,168	894	1,042
2008	양천구	목2동	여자	3,061	2,838	816	631	1,347	1,222	898	985
2008	양천구	목3동	계	4,823	4,912	1,186	1,047	2,305	2,382	1,332	1,483
2008	양천구	목3동	남자	2,354	2,424	582	514	1,148	1,174	624	736
2008	양천구	목3동	여자	2,469	2,488	604	533	1,157	1,208	708	747
2008	양천구	목4동	계	5,496	5,394	1,604	1,671	2,344	2,181	1,548	1,542
2008	양천구	목4동	남자	2,686	2,695	772	827	1,132	1,072	782	796
2008	양천구	목4동	여자	2,810	2,699	832	844	1,212	1,109	766	746
2008	양천구	목5동	계	6,130	6,477	1,598	2,033	2,633	2,806	1,899	1,638
2008	양천구	목5동	남자	3,008	3,161	772	968	1,303	1,364	933	829
2008	양천구	목5동	여자	3,122	3,316	826	1,065	1,330	1,442	966	809
2008	양천구	신월1동	계	5,174	5,441	1,080	1,065	2,531	2,433	1,563	1,943
2008	양천구	신월1동	남자	2,664	2,784	562	535	1,287	1,219	815	1,030
2008	양천구	신월1동	여자	2,510	2,657	518	530	1,244	1,214	748	913
2008	양천구	신월2동	계	4,210	5,094	1,731	2,111	1,359	1,509	1,120	1,474
2008	양천구	신월2동	남자	2,036	2,508	826	1,035	668	728	542	745
2008	양천구	신월2동	여자	2,174	2,586	905	1,076	691	781	578	729
2008	양천구	신월3동	계	3,651	3,781	847	843	1,390	1,300	1,414	1,638
2008	양천구	신월3동	남자	1,907	1,953	424	417	757	684	726	852
2008	양천구	신월3동	여자	1,744	1,828	423	426	633	616	688	786
2008	양천구	신월4동	계	3,266	3,533	1,583	1,410	907	965	776	1,158
2008	양천구	신월4동	남자	1,609	1,773	774	680	442	493	393	600
2008	양천구	신월4동	여자	1,657	1,760	809	730	465	472	383	558
2008	양천구	신월5동	계	3,632	3,261	679	485	1,956	1,611	997	1,165
2008	양천구	신월5동	남자	1,835	1,630	342	243	982	777	511	610
2008	양천구	신월5동	여자	1,797	1,631	337	242	974	834	486	555
2008	양천구	신월6동	계	2,595	2,857	1,113	1,111	730	810	752	936
2008	양천구	신월6동	남자	1,326	1,463	575	565	372	403	379	495
2008	양천구	신월6동	여자	1,269	1,394	538	546	358	407	373	441
2008	양천구	신월7동	계	4,220	4,594	1,438	1,340	1,411	1,427	1,371	1,827
2008	양천구	신월7동	남자	2,168	2,339	725	663	732	720	711	956
2008	양천구	신월7동	여자	2,052	2,255	713	677	679	707	660	871
2008	양천구	신정1동	계	3,754	3,983	1,463	1,435	1,225	1,371	1,066	1,177
2008	양천구	신정1동	남자	1,872	1,993	685	715	639	663	548	615
2008	양천구	신정1동	여자	1,882	1,990	778	720	586	708	518	562
2008	양천구	신정2동	계	3,084	3,144	819	962	1,228	1,207	1,037	975
2008	양천구	신정2동	남자	1,522	1,549	400	449	599	601	523	499
2008	양천구	신정2동	여자	1,562	1,595	419	513	629	606	514	476
2008	양천구	신정3동	계	7,991	8,935	2,315	2,578	3,092	3,429	2,584	2,928
2008	양천구	신정3동	남자	3,917	4,385	1,128	1,268	1,516	1,648	1,273	1,469
2008	양천구	신정3동	여자	4,074	4,550	1,187	1,310	1,576	1,781	1,311	1,459
2008	양천구	신정4동	계	7,548	7,953	2,428	2,414	2,860	2,880	2,260	2,659
2008	양천구	신정4동	남자	3,838	4,042	1,192	1,169	1,471	1,498	1,175	1,375
2008	양천구	신정4동	여자	3,710	3,911	1,236	1,245	1,389	1,382	1,085	1,284
2008	양천구	신정6동	계	3,620	3,851	1,389	1,215	1,130	1,557	1,101	1,079
2008	양천구	신정6동	남자	1,743	1,864	668	586	526	760	549	518
2008	양천구	신정6동	여자	1,877	1,987	721	629	604	797	552	561
2008	양천구	신정7동	계	4,437	4,856	1,187	1,305	1,899	2,027	1,351	1,524
2008	양천구	신정7동	남자	2,151	2,310	582	612	928	971	641	727
2008	양천구	신정7동	여자	2,286	2,546	605	693	971	1,056	710	797
2008	강서구	소계	계	127,205	115,028	45,716	45,716	46,093	31,415	35,396	37,897
2008	강서구	소계	남자	62,570	56,873	22,266	22,266	22,737	15,525	17,567	19,082
2008	강서구	소계	여자	64,635	58,155	23,450	23,450	23,356	15,890	17,829	18,815
2008	강서구	염창동	계	5,917	5,899	1,537	1,492	2,459	2,220	1,921	2,187
2008	강서구	염창동	남자	2,847	2,935	761	760	1,181	1,110	905	1,065
2008	강서구	염창동	여자	3,070	2,964	776	732	1,278	1,110	1,016	1,122
2008	강서구	등촌1동	계	4,443	4,443	1,412	1,791	1,676	1,288	1,355	1,364
2008	강서구	등촌1동	남자	2,235	2,189	703	871	819	607	713	711
2008	강서구	등촌1동	여자	2,208	2,254	709	920	857	681	642	653
2008	강서구	등촌2동	계	4,008	4,004	1,032	1,239	2,003	1,575	973	1,190
2008	강서구	등촌2동	남자	1,972	2,012	500	611	990	803	482	598
2008	강서구	등촌2동	여자	2,036	1,992	532	628	1,013	772	491	592
2008	강서구	등촌3동	계	5,648	6,198	1,560	2,473	2,441	1,772	1,647	1,953
2008	강서구	등촌3동	남자	2,727	2,952	752	1,175	1,176	828	799	949
2008	강서구	등촌3동	여자	2,921	3,246	808	1,298	1,265	944	848	1,004
2008	강서구	화곡본동	계	8,731	8,868	2,688	3,449	3,527	2,309	2,516	3,110
2008	강서구	화곡본동	남자	4,226	4,333	1,279	1,639	1,718	1,137	1,229	1,557
2008	강서구	화곡본동	여자	4,505	4,535	1,409	1,810	1,809	1,172	1,287	1,553
2008	강서구	화곡2동	계	4,724	4,883	1,795	2,084	1,805	1,288	1,124	1,511
2008	강서구	화곡2동	남자	2,320	2,388	861	995	893	644	566	749
2008	강서구	화곡2동	여자	2,404	2,495	934	1,089	912	644	558	762
2008	강서구	화곡3동	계	5,337	5,401	2,059	2,358	1,948	1,468	1,330	1,575
2008	강서구	화곡3동	남자	2,660	2,727	1,016	1,155	965	750	679	822
2008	강서구	화곡3동	여자	2,677	2,674	1,043	1,203	983	718	651	753
2008	강서구	화곡4동	계	4,749	4,966	1,371	1,599	2,055	1,762	1,323	1,605
2008	강서구	화곡4동	남자	2,277	2,451	640	766	993	879	644	806
2008	강서구	화곡4동	여자	2,472	2,515	731	833	1,062	883	679	799
2008	강서구	화곡6동	계	5,584	5,731	2,051	2,256	1,776	1,514	1,757	1,961
2008	강서구	화곡6동	남자	2,779	2,812	990	1,095	878	730	911	987
2008	강서구	화곡6동	여자	2,805	2,919	1,061	1,161	898	784	846	974
2008	강서구	화곡8동	계	6,014	6,380	1,877	2,622	2,516	1,741	1,621	2,017
2008	강서구	화곡8동	남자	2,923	3,122	917	1,261	1,199	849	807	1,012
2008	강서구	화곡8동	여자	3,091	3,258	960	1,361	1,317	892	814	1,005
2008	강서구	가양1동	계	3,421	3,780	1,106	1,570	1,221	879	1,094	1,331
2008	강서구	가양1동	남자	1,714	1,935	550	805	603	446	561	684
2008	강서구	가양1동	여자	1,707	1,845	556	765	618	433	533	647
2008	강서구	가양2동	계	2,652	2,982	686	1,214	1,155	796	811	972
2008	강서구	가양2동	남자	1,371	1,508	344	612	595	396	432	500
2008	강서구	가양2동	여자	1,281	1,474	342	602	560	400	379	472
2008	강서구	가양3동	계	2,917	3,485	785	1,273	1,165	1,079	967	1,133
2008	강서구	가양3동	남자	1,430	1,743	381	660	571	526	478	557
2008	강서구	가양3동	여자	1,487	1,742	404	613	594	553	489	576
2008	강서구	발산1동	계	14,499	4,531	6,840	2,151	4,894	1,070	2,765	1,310
2008	강서구	발산1동	남자	7,025	2,172	3,288	1,032	2,393	507	1,344	633
2008	강서구	발산1동	여자	7,474	2,359	3,552	1,119	2,501	563	1,421	677
2008	강서구	공항동	계	4,600	5,606	1,385	2,293	1,333	1,072	1,882	2,241
2008	강서구	공항동	남자	2,359	2,925	697	1,136	704	608	958	1,181
2008	강서구	공항동	여자	2,241	2,681	688	1,157	629	464	924	1,060
2008	강서구	방화1동	계	6,669	6,340	3,136	3,013	1,603	1,156	1,930	2,171
2008	강서구	방화1동	남자	3,416	3,176	1,606	1,468	847	566	963	1,142
2008	강서구	방화1동	여자	3,253	3,164	1,530	1,545	756	590	967	1,029
2008	강서구	방화2동	계	4,880	5,235	1,949	2,297	1,222	945	1,709	1,993
2008	강서구	방화2동	남자	2,474	2,584	975	1,106	644	474	855	1,004
2008	강서구	방화2동	여자	2,406	2,651	974	1,191	578	471	854	989
2008	강서구	방화3동	계	4,768	5,276	1,573	2,095	1,424	1,295	1,771	1,886
2008	강서구	방화3동	남자	2,337	2,570	745	1,037	745	610	847	923
2008	강서구	방화3동	여자	2,431	2,706	828	1,058	679	685	924	963
2008	강서구	화곡1동	계	11,456	12,107	3,082	3,996	5,096	4,165	3,278	3,946
2008	강서구	화곡1동	남자	5,684	6,013	1,505	1,923	2,522	2,079	1,657	2,011
2008	강서구	화곡1동	여자	5,772	6,094	1,577	2,073	2,574	2,086	1,621	1,935
2008	강서구	우장산동	계	16,188	8,913	7,792	4,451	4,774	2,021	3,622	2,441
2008	강서구	우장산동	남자	7,794	4,326	3,756	2,159	2,301	976	1,737	1,191
2008	강서구	우장산동	여자	8,394	4,587	4,036	2,292	2,473	1,045	1,885	1,250
2008	구로구	소계	계	72,802	76,899	19,091	19,091	25,928	25,253	27,783	32,555
2008	구로구	소계	남자	36,599	38,928	9,518	9,518	13,188	12,856	13,893	16,554
2008	구로구	소계	여자	36,203	37,971	9,573	9,573	12,740	12,397	13,890	16,001
2008	구로구	신도림동	계	5,771	5,194	877	531	2,781	2,563	2,113	2,100
2008	구로구	신도림동	남자	2,771	2,569	416	269	1,353	1,272	1,002	1,028
2008	구로구	신도림동	여자	3,000	2,625	461	262	1,428	1,291	1,111	1,072
2008	구로구	구로1동	계	3,432	3,643	389	483	1,675	1,517	1,368	1,643
2008	구로구	구로1동	남자	1,696	1,769	203	256	840	722	653	791
2008	구로구	구로1동	여자	1,736	1,874	186	227	835	795	715	852
2008	구로구	구로3동	계	9,785	6,633	5,712	2,392	1,966	1,997	2,107	2,244
2008	구로구	구로3동	남자	4,989	3,388	2,938	1,186	1,003	1,067	1,048	1,135
2008	구로구	구로3동	여자	4,796	3,245	2,774	1,206	963	930	1,059	1,109
2008	구로구	구로4동	계	7,037	6,344	1,173	1,241	3,005	2,753	2,859	2,350
2008	구로구	구로4동	남자	3,673	3,264	605	581	1,556	1,464	1,512	1,219
2008	구로구	구로4동	여자	3,364	3,080	568	660	1,449	1,289	1,347	1,131
2008	구로구	구로5동	계	5,267	5,897	1,577	1,760	1,978	1,921	1,712	2,216
2008	구로구	구로5동	남자	2,643	3,011	763	896	977	989	903	1,126
2008	구로구	구로5동	여자	2,624	2,886	814	864	1,001	932	809	1,090
2008	구로구	고척1동	계	5,513	6,151	1,158	1,217	2,482	2,588	1,873	2,346
2008	구로구	고척1동	남자	2,754	3,145	576	610	1,252	1,339	926	1,196
2008	구로구	고척1동	여자	2,759	3,006	582	607	1,230	1,249	947	1,150
2008	구로구	고척2동	계	2,467	3,141	563	691	960	1,208	944	1,242
2008	구로구	고척2동	남자	1,343	1,712	290	361	548	674	505	677
2008	구로구	고척2동	여자	1,124	1,429	273	330	412	534	439	565
2008	구로구	개봉2동	계	4,382	4,092	1,474	1,132	1,437	1,322	1,471	1,638
2008	구로구	개봉2동	남자	2,211	2,058	733	564	737	670	741	824
2008	구로구	개봉2동	여자	2,171	2,034	741	568	700	652	730	814
2008	구로구	개봉3동	계	4,593	5,270	1,523	1,737	1,556	1,506	1,514	2,027
2008	구로구	개봉3동	남자	2,325	2,680	772	889	791	754	762	1,037
2008	구로구	개봉3동	여자	2,268	2,590	751	848	765	752	752	990
2008	구로구	오류1동	계	6,499	7,068	2,494	2,456	1,739	1,782	2,266	2,830
2008	구로구	오류1동	남자	3,273	3,590	1,243	1,222	885	929	1,145	1,439
2008	구로구	오류1동	여자	3,226	3,478	1,251	1,234	854	853	1,121	1,391
2008	구로구	오류2동	계	5,725	6,012	1,562	1,410	1,683	1,747	2,480	2,855
2008	구로구	오류2동	남자	2,835	2,946	763	666	878	852	1,194	1,428
2008	구로구	오류2동	여자	2,890	3,066	799	744	805	895	1,286	1,427
2008	구로구	수궁동	계	3,761	3,912	1,027	989	906	859	1,828	2,064
2008	구로구	수궁동	남자	1,812	1,931	488	491	443	422	881	1,018
2008	구로구	수궁동	여자	1,949	1,981	539	498	463	437	947	1,046
2008	구로구	가리봉동	계	3,969	3,893	1,129	1,106	1,263	970	1,577	1,817
2008	구로구	가리봉동	남자	2,044	1,963	575	538	669	483	800	942
2008	구로구	가리봉동	여자	1,925	1,930	554	568	594	487	777	875
2008	구로구	구로2동	계	4,663	5,349	1,070	1,164	1,457	1,458	2,136	2,727
2008	구로구	구로2동	남자	2,297	2,633	536	578	704	698	1,057	1,357
2008	구로구	구로2동	여자	2,366	2,716	534	586	753	760	1,079	1,370
2008	구로구	개봉1동	계	3,657	3,791	842	849	1,076	883	1,739	2,059
2008	구로구	개봉1동	남자	1,868	1,981	429	439	552	441	887	1,101
2008	구로구	개봉1동	여자	1,789	1,810	413	410	524	442	852	958
2008	금천구	소계	계	42,730	46,558	13,720	13,720	13,682	13,010	15,328	19,828
2008	금천구	소계	남자	22,008	24,043	6,927	6,927	7,146	6,730	7,935	10,386
2008	금천구	소계	여자	20,722	22,515	6,793	6,793	6,536	6,280	7,393	9,442
2008	금천구	가산동	계	3,920	4,176	573	676	1,644	1,762	1,703	1,738
2008	금천구	가산동	남자	2,243	2,331	329	372	945	966	969	993
2008	금천구	가산동	여자	1,677	1,845	244	304	699	796	734	745
2008	금천구	독산1동	계	6,508	6,067	1,180	1,100	2,159	1,668	3,169	3,299
2008	금천구	독산1동	남자	3,366	3,129	617	567	1,100	859	1,649	1,703
2008	금천구	독산1동	여자	3,142	2,938	563	533	1,059	809	1,520	1,596
2008	금천구	독산2동	계	4,381	4,932	1,918	1,948	1,128	1,160	1,335	1,824
2008	금천구	독산2동	남자	2,228	2,506	966	972	592	577	670	957
2008	금천구	독산2동	여자	2,153	2,426	952	976	536	583	665	867
2008	금천구	독산3동	계	4,731	5,444	1,088	1,318	2,171	2,062	1,472	2,064
2008	금천구	독산3동	남자	2,434	2,794	547	643	1,139	1,070	748	1,081
2008	금천구	독산3동	여자	2,297	2,650	541	675	1,032	992	724	983
2008	금천구	독산4동	계	3,720	4,111	1,559	1,577	1,101	975	1,060	1,559
2008	금천구	독산4동	남자	1,883	2,148	762	833	566	502	555	813
2008	금천구	독산4동	여자	1,837	1,963	797	744	535	473	505	746
2008	금천구	시흥1동	계	5,831	6,880	2,161	2,362	1,530	1,518	2,140	3,000
2008	금천구	시흥1동	남자	3,024	3,537	1,104	1,158	769	810	1,151	1,569
2008	금천구	시흥1동	여자	2,807	3,343	1,057	1,204	761	708	989	1,431
2008	금천구	시흥2동	계	3,543	3,901	920	800	1,466	1,434	1,157	1,667
2008	금천구	시흥2동	남자	1,728	1,906	432	383	752	716	544	807
2008	금천구	시흥2동	여자	1,815	1,995	488	417	714	718	613	860
2008	금천구	시흥3동	계	1,699	2,151	439	489	447	438	813	1,224
2008	금천구	시흥3동	남자	849	1,093	218	258	227	219	404	616
2008	금천구	시흥3동	여자	850	1,058	221	231	220	219	409	608
2008	금천구	시흥4동	계	4,114	4,659	1,884	1,827	1,086	1,117	1,144	1,715
2008	금천구	시흥4동	남자	2,120	2,411	964	926	577	575	579	910
2008	금천구	시흥4동	여자	1,994	2,248	920	901	509	542	565	805
2008	금천구	시흥5동	계	4,283	4,237	1,998	1,623	950	876	1,335	1,738
2008	금천구	시흥5동	남자	2,133	2,188	988	815	479	436	666	937
2008	금천구	시흥5동	여자	2,150	2,049	1,010	808	471	440	669	801
2008	영등포구	소계	계	77,094	81,344	19,171	19,171	32,946	33,804	24,977	28,369
2008	영등포구	소계	남자	39,193	41,504	9,676	9,676	16,689	17,104	12,828	14,724
2008	영등포구	소계	여자	37,901	39,840	9,495	9,495	16,257	16,700	12,149	13,645
2008	영등포구	여의동	계	5,080	5,669	1,646	1,563	1,714	2,118	1,720	1,988
2008	영등포구	여의동	남자	2,626	2,880	842	792	879	1,051	905	1,037
2008	영등포구	여의동	여자	2,454	2,789	804	771	835	1,067	815	951
2008	영등포구	당산1동	계	4,121	3,990	963	1,096	1,612	1,511	1,546	1,383
2008	영등포구	당산1동	남자	2,537	2,325	569	598	1,018	893	950	834
2008	영등포구	당산1동	여자	1,584	1,665	394	498	594	618	596	549
2008	영등포구	당산2동	계	5,981	4,775	603	416	3,619	2,765	1,759	1,594
2008	영등포구	당산2동	남자	2,878	2,328	272	207	1,748	1,350	858	771
2008	영등포구	당산2동	여자	3,103	2,447	331	209	1,871	1,415	901	823
2008	영등포구	양평1동	계	4,338	4,725	1,077	1,253	1,795	1,834	1,466	1,638
2008	영등포구	양평1동	남자	2,229	2,399	549	632	917	921	763	846
2008	영등포구	양평1동	여자	2,109	2,326	528	621	878	913	703	792
2008	영등포구	양평2동	계	5,574	6,101	1,212	1,190	2,478	2,829	1,884	2,082
2008	영등포구	양평2동	남자	2,727	3,053	588	614	1,209	1,393	930	1,046
2008	영등포구	양평2동	여자	2,847	3,048	624	576	1,269	1,436	954	1,036
2008	영등포구	신길1동	계	4,342	5,023	1,287	1,403	1,593	1,797	1,462	1,823
2008	영등포구	신길1동	남자	2,159	2,555	631	666	795	941	733	948
2008	영등포구	신길1동	여자	2,183	2,468	656	737	798	856	729	875
2008	영등포구	신길3동	계	6,214	5,695	1,483	1,157	2,960	2,586	1,771	1,952
2008	영등포구	신길3동	남자	3,126	2,908	728	575	1,473	1,329	925	1,004
2008	영등포구	신길3동	여자	3,088	2,787	755	582	1,487	1,257	846	948
2008	영등포구	신길4동	계	3,639	3,709	819	798	1,704	1,704	1,116	1,207
2008	영등포구	신길4동	남자	1,810	1,905	408	390	843	885	559	630
2008	영등포구	신길4동	여자	1,829	1,804	411	408	861	819	557	577
2008	영등포구	신길5동	계	3,449	3,632	625	622	1,714	1,721	1,110	1,289
2008	영등포구	신길5동	남자	1,787	1,887	316	320	898	877	573	690
2008	영등포구	신길5동	여자	1,662	1,745	309	302	816	844	537	599
2008	영등포구	신길6동	계	3,901	4,448	1,104	1,229	1,415	1,701	1,382	1,518
2008	영등포구	신길6동	남자	2,025	2,275	572	631	706	848	747	796
2008	영등포구	신길6동	여자	1,876	2,173	532	598	709	853	635	722
2008	영등포구	신길7동	계	3,006	3,662	1,219	1,336	942	1,146	845	1,180
2008	영등포구	신길7동	남자	1,512	1,826	612	657	476	557	424	612
2008	영등포구	신길7동	여자	1,494	1,836	607	679	466	589	421	568
2008	영등포구	대림1동	계	2,124	2,417	747	801	776	826	601	790
2008	영등포구	대림1동	남자	1,058	1,240	372	409	396	433	290	398
2008	영등포구	대림1동	여자	1,066	1,177	375	392	380	393	311	392
2008	영등포구	대림2동	계	3,989	3,584	1,595	1,147	1,388	1,161	1,006	1,276
2008	영등포구	대림2동	남자	1,992	1,819	822	605	700	584	470	630
2008	영등포구	대림2동	여자	1,997	1,765	773	542	688	577	536	646
2008	영등포구	대림3동	계	4,258	4,618	995	998	2,045	2,125	1,218	1,495
2008	영등포구	대림3동	남자	2,126	2,291	492	471	1,010	1,068	624	752
2008	영등포구	대림3동	여자	2,132	2,327	503	527	1,035	1,057	594	743
2008	영등포구	영등포본동	계	4,567	4,946	777	938	1,616	1,946	2,174	2,062
2008	영등포구	영등포본동	남자	2,285	2,469	388	483	809	938	1,088	1,048
2008	영등포구	영등포본동	여자	2,282	2,477	389	455	807	1,008	1,086	1,014
2008	영등포구	영등포동	계	3,245	4,161	1,039	1,210	1,255	1,554	951	1,397
2008	영등포구	영등포동	남자	1,680	2,128	526	595	651	781	503	752
2008	영등포구	영등포동	여자	1,565	2,033	513	615	604	773	448	645
2008	영등포구	도림동	계	3,872	4,081	718	817	1,943	1,808	1,211	1,456
2008	영등포구	도림동	남자	1,922	2,042	348	422	975	878	599	742
2008	영등포구	도림동	여자	1,950	2,039	370	395	968	930	612	714
2008	영등포구	문래동	계	5,394	6,108	1,262	1,197	2,377	2,672	1,755	2,239
2008	영등포구	문래동	남자	2,714	3,174	641	609	1,186	1,377	887	1,188
2008	영등포구	문래동	여자	2,680	2,934	621	588	1,191	1,295	868	1,051
2008	동작구	소계	계	78,779	86,766	20,941	20,941	32,671	37,608	25,167	28,217
2008	동작구	소계	남자	38,815	43,286	10,174	10,174	15,974	18,620	12,667	14,492
2008	동작구	소계	여자	39,964	43,480	10,767	10,767	16,697	18,988	12,500	13,725
2008	동작구	노량진2동	계	3,589	3,854	1,197	1,068	1,116	1,391	1,276	1,395
2008	동작구	노량진2동	남자	1,847	1,981	579	516	594	716	674	749
2008	동작구	노량진2동	여자	1,742	1,873	618	552	522	675	602	646
2008	동작구	상도1동	계	7,701	7,916	1,777	1,672	3,145	3,493	2,779	2,751
2008	동작구	상도1동	남자	3,818	3,998	869	829	1,527	1,725	1,422	1,444
2008	동작구	상도1동	여자	3,883	3,918	908	843	1,618	1,768	1,357	1,307
2008	동작구	상도2동	계	7,199	4,812	2,669	1,694	2,813	1,699	1,717	1,419
2008	동작구	상도2동	남자	3,494	2,393	1,320	826	1,357	848	817	719
2008	동작구	상도2동	여자	3,705	2,419	1,349	868	1,456	851	900	700
2008	동작구	상도3동	계	4,739	4,998	1,913	1,634	1,613	1,819	1,213	1,545
2008	동작구	상도3동	남자	2,273	2,442	919	793	776	876	578	773
2008	동작구	상도3동	여자	2,466	2,556	994	841	837	943	635	772
2008	동작구	상도4동	계	5,385	6,057	2,100	2,181	1,797	2,020	1,488	1,856
2008	동작구	상도4동	남자	2,626	3,024	1,023	1,058	885	1,034	718	932
2008	동작구	상도4동	여자	2,759	3,033	1,077	1,123	912	986	770	924
2008	동작구	사당1동	계	5,417	5,706	980	864	2,672	2,819	1,765	2,023
2008	동작구	사당1동	남자	2,626	2,849	459	440	1,293	1,391	874	1,018
2008	동작구	사당1동	여자	2,791	2,857	521	424	1,379	1,428	891	1,005
2008	동작구	사당3동	계	4,461	7,016	1,146	2,004	1,916	2,954	1,399	2,058
2008	동작구	사당3동	남자	2,194	3,464	543	985	939	1,474	712	1,005
2008	동작구	사당3동	여자	2,267	3,552	603	1,019	977	1,480	687	1,053
2008	동작구	사당4동	계	3,919	3,259	1,407	1,026	1,526	1,211	986	1,022
2008	동작구	사당4동	남자	1,930	1,603	705	489	732	604	493	510
2008	동작구	사당4동	여자	1,989	1,656	702	537	794	607	493	512
2008	동작구	사당5동	계	3,427	3,415	1,154	784	1,266	1,431	1,007	1,200
2008	동작구	사당5동	남자	1,674	1,663	570	374	614	713	490	576
2008	동작구	사당5동	여자	1,753	1,752	584	410	652	718	517	624
2008	동작구	대방동	계	7,056	7,194	1,764	1,377	3,261	3,655	2,031	2,162
2008	동작구	대방동	남자	3,437	3,571	832	671	1,595	1,798	1,010	1,102
2008	동작구	대방동	여자	3,619	3,623	932	706	1,666	1,857	1,021	1,060
2008	동작구	신대방1동	계	4,801	4,788	437	418	2,786	2,785	1,578	1,585
2008	동작구	신대방1동	남자	2,322	2,344	208	198	1,359	1,335	755	811
2008	동작구	신대방1동	여자	2,479	2,444	229	220	1,427	1,450	823	774
2008	동작구	신대방2동	계	4,307	4,688	1,024	1,034	1,948	2,266	1,335	1,388
2008	동작구	신대방2동	남자	2,051	2,275	495	472	951	1,107	605	696
2008	동작구	신대방2동	여자	2,256	2,413	529	562	997	1,159	730	692
2008	동작구	흑석동	계	5,018	8,231	609	1,772	2,064	3,535	2,345	2,924
2008	동작구	흑석동	남자	2,598	4,254	293	914	1,052	1,801	1,253	1,539
2008	동작구	흑석동	여자	2,420	3,977	316	858	1,012	1,734	1,092	1,385
2008	동작구	노량진1동	계	6,222	7,710	1,629	2,192	2,118	2,928	2,475	2,590
2008	동작구	노량진1동	남자	3,244	3,958	797	1,042	1,055	1,465	1,392	1,451
2008	동작구	노량진1동	여자	2,978	3,752	832	1,150	1,063	1,463	1,083	1,139
2008	동작구	사당2동	계	5,538	7,122	1,135	1,221	2,630	3,602	1,773	2,299
2008	동작구	사당2동	남자	2,681	3,467	562	567	1,245	1,733	874	1,167
2008	동작구	사당2동	여자	2,857	3,655	573	654	1,385	1,869	899	1,132
2008	관악구	소계	계	115,476	120,609	34,953	34,953	37,500	42,264	43,023	43,392
2008	관악구	소계	남자	59,495	62,344	17,657	17,657	19,341	21,660	22,497	23,027
2008	관악구	소계	여자	55,981	58,265	17,296	17,296	18,159	20,604	20,526	20,365
2008	관악구	보라매동	계	5,561	5,555	1,815	1,546	2,062	2,164	1,684	1,845
2008	관악구	보라매동	남자	2,733	2,805	885	773	1,017	1,082	831	950
2008	관악구	보라매동	여자	2,828	2,750	930	773	1,045	1,082	853	895
2008	관악구	청림동	계	3,209	3,570	907	796	1,403	1,681	899	1,093
2008	관악구	청림동	남자	1,563	1,777	441	404	682	820	440	553
2008	관악구	청림동	여자	1,646	1,793	466	392	721	861	459	540
2008	관악구	행운동	계	7,884	7,979	2,059	2,326	2,688	2,892	3,137	2,761
2008	관악구	행운동	남자	3,979	4,043	1,055	1,149	1,372	1,481	1,552	1,413
2008	관악구	행운동	여자	3,905	3,936	1,004	1,177	1,316	1,411	1,585	1,348
2008	관악구	낙성대동	계	5,211	5,242	1,485	1,694	1,458	1,713	2,268	1,835
2008	관악구	낙성대동	남자	2,781	2,791	768	878	765	920	1,248	993
2008	관악구	낙성대동	여자	2,430	2,451	717	816	693	793	1,020	842
2008	관악구	중앙동	계	3,561	3,434	1,326	1,250	1,031	1,070	1,204	1,114
2008	관악구	중앙동	남자	1,764	1,724	654	610	511	545	599	569
2008	관악구	중앙동	여자	1,797	1,710	672	640	520	525	605	545
2008	관악구	인헌동	계	6,516	6,414	1,618	1,555	2,257	2,361	2,641	2,498
2008	관악구	인헌동	남자	3,243	3,221	817	768	1,128	1,193	1,298	1,260
2008	관악구	인헌동	여자	3,273	3,193	801	787	1,129	1,168	1,343	1,238
2008	관악구	남현동	계	4,335	4,594	395	385	2,201	2,206	1,739	2,003
2008	관악구	남현동	남자	2,119	2,308	182	210	1,058	1,080	879	1,018
2008	관악구	남현동	여자	2,216	2,286	213	175	1,143	1,126	860	985
2008	관악구	서원동	계	6,739	6,908	2,139	2,136	1,896	2,255	2,704	2,517
2008	관악구	서원동	남자	3,373	3,545	1,074	1,056	955	1,161	1,344	1,328
2008	관악구	서원동	여자	3,366	3,363	1,065	1,080	941	1,094	1,360	1,189
2008	관악구	신원동	계	4,374	4,729	1,465	1,520	1,308	1,550	1,601	1,659
2008	관악구	신원동	남자	2,201	2,333	716	745	680	743	805	845
2008	관악구	신원동	여자	2,173	2,396	749	775	628	807	796	814
2008	관악구	서림동	계	6,444	6,391	1,820	1,907	1,771	2,014	2,853	2,470
2008	관악구	서림동	남자	3,770	3,731	1,016	1,072	1,033	1,178	1,721	1,481
2008	관악구	서림동	여자	2,674	2,660	804	835	738	836	1,132	989
2008	관악구	신사동	계	5,629	6,365	1,573	1,667	1,999	2,360	2,057	2,338
2008	관악구	신사동	남자	2,835	3,178	762	842	1,029	1,136	1,044	1,200
2008	관악구	신사동	여자	2,794	3,187	811	825	970	1,224	1,013	1,138
2008	관악구	신림동	계	5,935	5,494	1,322	1,453	1,734	1,968	2,879	2,073
2008	관악구	신림동	남자	3,019	2,791	681	738	931	1,007	1,407	1,046
2008	관악구	신림동	여자	2,916	2,703	641	715	803	961	1,472	1,027
2008	관악구	난향동	계	3,334	3,215	1,063	764	1,242	1,177	1,029	1,274
2008	관악구	난향동	남자	1,603	1,614	492	361	620	610	491	643
2008	관악구	난향동	여자	1,731	1,601	571	403	622	567	538	631
2008	관악구	조원동	계	3,451	4,336	865	915	1,354	1,921	1,232	1,500
2008	관악구	조원동	남자	1,763	2,239	438	438	701	984	624	817
2008	관악구	조원동	여자	1,688	2,097	427	477	653	937	608	683
2008	관악구	대학동	계	6,281	6,162	1,231	1,380	1,748	1,904	3,302	2,878
2008	관악구	대학동	남자	4,103	3,959	754	802	1,111	1,188	2,238	1,969
2008	관악구	대학동	여자	2,178	2,203	477	578	637	716	1,064	909
2008	관악구	은천동	계	6,996	7,426	2,492	2,350	2,335	2,610	2,169	2,466
2008	관악구	은천동	남자	3,524	3,701	1,251	1,165	1,186	1,299	1,087	1,237
2008	관악구	은천동	여자	3,472	3,725	1,241	1,185	1,149	1,311	1,082	1,229
2008	관악구	성현동	계	5,680	6,249	1,970	1,648	2,169	2,669	1,541	1,932
2008	관악구	성현동	남자	2,778	3,050	975	816	1,050	1,301	753	933
2008	관악구	성현동	여자	2,902	3,199	995	832	1,119	1,368	788	999
2008	관악구	청룡동	계	8,546	9,022	2,611	3,172	2,433	2,828	3,502	3,022
2008	관악구	청룡동	남자	4,299	4,649	1,264	1,548	1,234	1,452	1,801	1,649
2008	관악구	청룡동	여자	4,247	4,373	1,347	1,624	1,199	1,376	1,701	1,373
2008	관악구	난곡동	계	5,536	6,208	2,654	2,542	1,358	1,541	1,524	2,125
2008	관악구	난곡동	남자	2,850	3,180	1,345	1,295	708	781	797	1,104
2008	관악구	난곡동	여자	2,686	3,028	1,309	1,247	650	760	727	1,021
2008	관악구	삼성동	계	4,175	4,677	1,532	1,583	1,261	1,327	1,382	1,767
2008	관악구	삼성동	남자	2,088	2,360	789	822	617	648	682	890
2008	관악구	삼성동	여자	2,087	2,317	743	761	644	679	700	877
2008	관악구	미성동	계	6,079	6,639	2,611	2,364	1,792	2,053	1,676	2,222
2008	관악구	미성동	남자	3,107	3,345	1,298	1,165	953	1,051	856	1,129
2008	관악구	미성동	여자	2,972	3,294	1,313	1,199	839	1,002	820	1,093
2008	서초구	소계	계	75,998	78,185	16,809	16,809	33,807	35,593	25,382	25,783
2008	서초구	소계	남자	36,667	37,991	7,861	7,861	16,245	17,238	12,561	12,892
2008	서초구	소계	여자	39,331	40,194	8,948	8,948	17,562	18,355	12,821	12,891
2008	서초구	서초1동	계	4,470	4,430	1,017	1,026	1,774	1,869	1,679	1,535
2008	서초구	서초1동	남자	2,129	2,171	461	493	852	911	816	767
2008	서초구	서초1동	여자	2,341	2,259	556	533	922	958	863	768
2008	서초구	서초2동	계	4,008	4,248	748	801	1,748	2,027	1,512	1,420
2008	서초구	서초2동	남자	1,934	2,072	355	389	821	980	758	703
2008	서초구	서초2동	여자	2,074	2,176	393	412	927	1,047	754	717
2008	서초구	서초3동	계	6,030	5,956	1,300	1,168	2,361	2,657	2,369	2,131
2008	서초구	서초3동	남자	3,066	3,013	638	582	1,235	1,338	1,193	1,093
2008	서초구	서초3동	여자	2,964	2,943	662	586	1,126	1,319	1,176	1,038
2008	서초구	서초4동	계	4,162	4,119	1,057	975	1,791	1,935	1,314	1,209
2008	서초구	서초4동	남자	1,967	1,994	478	442	833	959	656	593
2008	서초구	서초4동	여자	2,195	2,125	579	533	958	976	658	616
2008	서초구	잠원동	계	6,121	6,438	1,003	1,137	3,088	3,271	2,030	2,030
2008	서초구	잠원동	남자	2,915	3,101	429	520	1,479	1,584	1,007	997
2008	서초구	잠원동	여자	3,206	3,337	574	617	1,609	1,687	1,023	1,033
2008	서초구	반포본동	계	2,191	2,232	586	711	1,138	1,053	467	468
2008	서초구	반포본동	남자	1,006	1,003	272	302	519	485	215	216
2008	서초구	반포본동	여자	1,185	1,229	314	409	619	568	252	252
2008	서초구	반포1동	계	5,345	4,653	950	636	2,512	2,422	1,883	1,595
2008	서초구	반포1동	남자	2,580	2,216	459	299	1,229	1,138	892	779
2008	서초구	반포1동	여자	2,765	2,437	491	337	1,283	1,284	991	816
2008	서초구	반포2동	계	2,061	2,019	592	618	971	938	498	463
2008	서초구	반포2동	남자	969	988	265	284	461	455	243	249
2008	서초구	반포2동	여자	1,092	1,031	327	334	510	483	255	214
2008	서초구	반포3동	계	4,032	3,653	1,108	1,003	1,700	1,562	1,224	1,088
2008	서초구	반포3동	남자	1,918	1,702	515	443	805	727	598	532
2008	서초구	반포3동	여자	2,114	1,951	593	560	895	835	626	556
2008	서초구	반포4동	계	3,437	3,594	852	1,094	1,487	1,410	1,098	1,090
2008	서초구	반포4동	남자	1,651	1,739	395	518	718	665	538	556
2008	서초구	반포4동	여자	1,786	1,855	457	576	769	745	560	534
2008	서초구	방배본동	계	4,091	3,985	1,165	1,082	1,911	1,759	1,015	1,144
2008	서초구	방배본동	남자	1,939	1,877	543	504	887	827	509	546
2008	서초구	방배본동	여자	2,152	2,108	622	578	1,024	932	506	598
2008	서초구	방배1동	계	3,305	3,713	971	1,056	1,316	1,628	1,018	1,029
2008	서초구	방배1동	남자	1,552	1,742	431	483	631	768	490	491
2008	서초구	방배1동	여자	1,753	1,971	540	573	685	860	528	538
2008	서초구	방배2동	계	5,520	7,445	1,029	1,582	2,706	3,589	1,785	2,274
2008	서초구	방배2동	남자	2,599	3,535	474	748	1,291	1,674	834	1,113
2008	서초구	방배2동	여자	2,921	3,910	555	834	1,415	1,915	951	1,161
2008	서초구	방배3동	계	4,649	4,506	1,267	1,018	1,955	2,019	1,427	1,469
2008	서초구	방배3동	남자	2,266	2,238	622	484	933	1,017	711	737
2008	서초구	방배3동	여자	2,383	2,268	645	534	1,022	1,002	716	732
2008	서초구	방배4동	계	5,587	5,538	1,713	1,516	2,444	2,418	1,430	1,604
2008	서초구	방배4동	남자	2,585	2,558	792	683	1,113	1,118	680	757
2008	서초구	방배4동	여자	3,002	2,980	921	833	1,331	1,300	750	847
2008	서초구	양재1동	계	4,704	5,155	593	669	2,238	2,411	1,873	2,075
2008	서초구	양재1동	남자	2,336	2,622	303	327	1,071	1,228	962	1,067
2008	서초구	양재1동	여자	2,368	2,533	290	342	1,167	1,183	911	1,008
2008	서초구	양재2동	계	5,189	5,157	675	453	2,263	2,252	2,251	2,452
2008	서초구	양재2동	남자	2,707	2,709	342	224	1,164	1,167	1,201	1,318
2008	서초구	양재2동	여자	2,482	2,448	333	229	1,099	1,085	1,050	1,134
2008	서초구	내곡동	계	1,096	1,344	183	264	404	373	509	707
2008	서초구	내곡동	남자	548	711	87	136	203	197	258	378
2008	서초구	내곡동	여자	548	633	96	128	201	176	251	329
2008	강남구	소계	계	114,440	119,593	32,011	32,011	42,907	49,652	39,522	37,930
2008	강남구	소계	남자	54,639	57,561	14,836	14,836	20,759	24,256	19,044	18,469
2008	강남구	소계	여자	59,801	62,032	17,175	17,175	22,148	25,396	20,478	19,461
2008	강남구	신사동	계	3,984	4,130	823	886	1,772	2,003	1,389	1,241
2008	강남구	신사동	남자	1,863	1,914	359	404	850	932	654	578
2008	강남구	신사동	여자	2,121	2,216	464	482	922	1,071	735	663
2008	강남구	논현1동	계	7,665	8,113	1,436	1,581	3,179	3,666	3,050	2,866
2008	강남구	논현1동	남자	3,549	3,832	637	682	1,483	1,779	1,429	1,371
2008	강남구	논현1동	여자	4,116	4,281	799	899	1,696	1,887	1,621	1,495
2008	강남구	논현2동	계	5,937	6,012	1,946	1,738	2,065	2,396	1,926	1,878
2008	강남구	논현2동	남자	2,803	2,877	858	800	987	1,175	958	902
2008	강남구	논현2동	여자	3,134	3,135	1,088	938	1,078	1,221	968	976
2008	강남구	압구정1동	계	2,660	2,980	825	852	1,115	1,421	720	707
2008	강남구	압구정1동	남자	1,241	1,406	391	387	506	667	344	352
2008	강남구	압구정1동	여자	1,419	1,574	434	465	609	754	376	355
2008	강남구	압구정2동	계	1,930	2,090	555	658	797	835	578	597
2008	강남구	압구정2동	남자	895	976	243	293	371	410	281	273
2008	강남구	압구정2동	여자	1,035	1,114	312	365	426	425	297	324
2008	강남구	청담1동	계	2,833	3,161	904	917	1,127	1,361	802	883
2008	강남구	청담1동	남자	1,316	1,534	416	444	516	656	384	434
2008	강남구	청담1동	여자	1,517	1,627	488	473	611	705	418	449
2008	강남구	청담2동	계	2,944	2,973	1,006	1,016	1,062	1,136	876	821
2008	강남구	청담2동	남자	1,402	1,427	483	466	497	573	422	388
2008	강남구	청담2동	여자	1,542	1,546	523	550	565	563	454	433
2008	강남구	삼성1동	계	3,212	3,252	929	914	1,297	1,434	986	904
2008	강남구	삼성1동	남자	1,657	1,684	447	438	672	761	538	485
2008	강남구	삼성1동	여자	1,555	1,568	482	476	625	673	448	419
2008	강남구	삼성2동	계	6,537	5,779	2,085	1,791	2,490	2,312	1,962	1,676
2008	강남구	삼성2동	남자	3,028	2,744	922	813	1,192	1,130	914	801
2008	강남구	삼성2동	여자	3,509	3,035	1,163	978	1,298	1,182	1,048	875
2008	강남구	대치1동	계	4,432	4,012	1,411	1,531	1,627	1,584	1,394	897
2008	강남구	대치1동	남자	2,141	1,941	675	740	778	752	688	449
2008	강남구	대치1동	여자	2,291	2,071	736	791	849	832	706	448
2008	강남구	대치2동	계	4,429	4,503	1,245	1,516	1,728	1,834	1,456	1,153
2008	강남구	대치2동	남자	2,256	2,270	604	740	896	926	756	604
2008	강남구	대치2동	여자	2,173	2,233	641	776	832	908	700	549
2008	강남구	대치3동	계	3,907	3,719	1,169	1,126	1,388	1,501	1,350	1,092
2008	강남구	대치3동	남자	2,015	1,912	569	540	747	785	699	587
2008	강남구	대치3동	여자	1,892	1,807	600	586	641	716	651	505
2008	강남구	대치4동	계	6,857	6,605	1,927	1,745	2,190	2,599	2,740	2,261
2008	강남구	대치4동	남자	3,231	3,111	865	765	1,066	1,269	1,300	1,077
2008	강남구	대치4동	여자	3,626	3,494	1,062	980	1,124	1,330	1,440	1,184
2008	강남구	역삼1동	계	11,165	11,574	2,245	2,395	4,190	4,845	4,730	4,334
2008	강남구	역삼1동	남자	5,376	5,614	995	1,051	2,137	2,428	2,244	2,135
2008	강남구	역삼1동	여자	5,789	5,960	1,250	1,344	2,053	2,417	2,486	2,199
2008	강남구	역삼2동	계	7,849	8,262	2,553	2,129	2,668	3,491	2,628	2,642
2008	강남구	역삼2동	남자	3,642	3,821	1,151	919	1,266	1,644	1,225	1,258
2008	강남구	역삼2동	여자	4,207	4,441	1,402	1,210	1,402	1,847	1,403	1,384
2008	강남구	도곡1동	계	3,673	4,684	951	1,104	1,513	2,164	1,209	1,416
2008	강남구	도곡1동	남자	1,710	2,251	445	524	694	1,035	571	692
2008	강남구	도곡1동	여자	1,963	2,433	506	580	819	1,129	638	724
2008	강남구	도곡2동	계	5,976	6,695	1,920	2,207	2,159	2,572	1,897	1,916
2008	강남구	도곡2동	남자	2,805	3,234	909	1,061	992	1,223	904	950
2008	강남구	도곡2동	여자	3,171	3,461	1,011	1,146	1,167	1,349	993	966
2008	강남구	개포1동	계	3,772	3,981	1,370	1,194	1,101	1,446	1,301	1,341
2008	강남구	개포1동	남자	1,787	1,878	643	576	523	668	621	634
2008	강남구	개포1동	여자	1,985	2,103	727	618	578	778	680	707
2008	강남구	개포2동	계	4,039	4,388	1,601	1,539	1,155	1,461	1,283	1,388
2008	강남구	개포2동	남자	1,938	2,089	777	714	542	707	619	668
2008	강남구	개포2동	여자	2,101	2,299	824	825	613	754	664	720
2008	강남구	개포3동	계	3,755	4,609	848	1,484	1,611	1,741	1,296	1,384
2008	강남구	개포3동	남자	1,708	2,187	382	718	732	837	594	632
2008	강남구	개포3동	여자	2,047	2,422	466	766	879	904	702	752
2008	강남구	개포4동	계	4,742	4,980	952	919	2,014	2,086	1,776	1,975
2008	강남구	개포4동	남자	2,333	2,510	450	456	1,001	1,046	882	1,008
2008	강남구	개포4동	여자	2,409	2,470	502	463	1,013	1,040	894	967
2008	강남구	일원본동	계	2,892	3,251	757	789	1,133	1,435	1,002	1,027
2008	강남구	일원본동	남자	1,369	1,557	370	370	538	689	461	498
2008	강남구	일원본동	여자	1,523	1,694	387	419	595	746	541	529
2008	강남구	일원1동	계	2,952	3,183	767	562	1,040	1,347	1,145	1,274
2008	강남구	일원1동	남자	1,450	1,546	376	269	518	675	556	602
2008	강남구	일원1동	여자	1,502	1,637	391	293	522	672	589	672
2008	강남구	일원2동	계	3,042	3,101	1,046	827	1,084	1,375	912	899
2008	강남구	일원2동	남자	1,509	1,514	509	380	555	706	445	428
2008	강남구	일원2동	여자	1,533	1,587	537	447	529	669	467	471
2008	강남구	수서동	계	2,514	2,724	578	431	1,132	1,322	804	971
2008	강남구	수서동	남자	1,234	1,300	281	210	554	634	399	456
2008	강남구	수서동	여자	1,280	1,424	297	221	578	688	405	515
2008	강남구	세곡동	계	742	832	162	160	270	285	310	387
2008	강남구	세곡동	남자	381	432	79	76	146	149	156	207
2008	강남구	세곡동	여자	361	400	83	84	124	136	154	180
2008	송파구	소계	계	171,949	131,121	57,083	57,083	66,309	34,988	48,557	39,050
2008	송파구	소계	남자	84,100	64,793	27,725	27,725	32,602	17,414	23,773	19,654
2008	송파구	소계	여자	87,849	66,328	29,358	29,358	33,707	17,574	24,784	19,396
2008	송파구	풍납1동	계	3,228	3,811	604	955	1,471	1,554	1,153	1,302
2008	송파구	풍납1동	남자	1,573	1,898	292	453	725	807	556	638
2008	송파구	풍납1동	여자	1,655	1,913	312	502	746	747	597	664
2008	송파구	풍납2동	계	5,128	5,619	1,099	1,852	2,179	2,008	1,850	1,759
2008	송파구	풍납2동	남자	2,496	2,742	511	905	1,121	980	864	857
2008	송파구	풍납2동	여자	2,632	2,877	588	947	1,058	1,028	986	902
2008	송파구	거여1동	계	2,952	3,206	1,416	1,536	626	641	910	1,029
2008	송파구	거여1동	남자	1,521	1,617	727	762	317	339	477	516
2008	송파구	거여1동	여자	1,431	1,589	689	774	309	302	433	513
2008	송파구	거여2동	계	4,666	5,455	1,839	2,239	1,167	1,207	1,660	2,009
2008	송파구	거여2동	남자	2,346	2,763	936	1,123	578	627	832	1,013
2008	송파구	거여2동	여자	2,320	2,692	903	1,116	589	580	828	996
2008	송파구	마천1동	계	3,150	3,629	1,451	1,561	716	821	983	1,247
2008	송파구	마천1동	남자	1,636	1,827	751	770	374	408	511	649
2008	송파구	마천1동	여자	1,514	1,802	700	791	342	413	472	598
2008	송파구	마천2동	계	3,849	4,081	1,817	1,945	880	787	1,152	1,349
2008	송파구	마천2동	남자	1,963	2,082	909	998	465	408	589	676
2008	송파구	마천2동	여자	1,886	1,999	908	947	415	379	563	673
2008	송파구	방이1동	계	3,282	3,807	1,381	1,914	937	900	964	993
2008	송파구	방이1동	남자	1,631	1,911	648	929	489	452	494	530
2008	송파구	방이1동	여자	1,651	1,896	733	985	448	448	470	463
2008	송파구	방이2동	계	6,096	6,399	2,103	2,601	2,040	1,757	1,953	2,041
2008	송파구	방이2동	남자	2,986	3,167	1,019	1,254	1,013	870	954	1,043
2008	송파구	방이2동	여자	3,110	3,232	1,084	1,347	1,027	887	999	998
2008	송파구	오륜동	계	2,932	3,112	749	1,201	1,331	1,195	852	716
2008	송파구	오륜동	남자	1,425	1,505	362	595	647	561	416	349
2008	송파구	오륜동	여자	1,507	1,607	387	606	684	634	436	367
2008	송파구	오금동	계	6,610	7,346	2,672	3,365	1,902	1,740	2,036	2,241
2008	송파구	오금동	남자	3,272	3,599	1,292	1,596	936	857	1,044	1,146
2008	송파구	오금동	여자	3,338	3,747	1,380	1,769	966	883	992	1,095
2008	송파구	송파1동	계	6,024	6,412	2,167	2,808	1,993	1,704	1,864	1,900
2008	송파구	송파1동	남자	2,891	3,171	1,049	1,369	953	835	889	967
2008	송파구	송파1동	여자	3,133	3,241	1,118	1,439	1,040	869	975	933
2008	송파구	송파2동	계	3,343	5,332	1,353	2,935	949	1,152	1,041	1,245
2008	송파구	송파2동	남자	1,638	2,567	664	1,390	458	575	516	602
2008	송파구	송파2동	여자	1,705	2,765	689	1,545	491	577	525	643
2008	송파구	석촌동	계	8,369	8,840	3,039	3,437	2,639	2,473	2,691	2,930
2008	송파구	석촌동	남자	4,136	4,410	1,514	1,659	1,314	1,265	1,308	1,486
2008	송파구	석촌동	여자	4,233	4,430	1,525	1,778	1,325	1,208	1,383	1,444
2008	송파구	삼전동	계	7,962	9,015	2,345	3,320	2,923	2,652	2,694	3,043
2008	송파구	삼전동	남자	3,795	4,455	1,105	1,610	1,393	1,316	1,297	1,529
2008	송파구	삼전동	여자	4,167	4,560	1,240	1,710	1,530	1,336	1,397	1,514
2008	송파구	가락본동	계	5,614	5,979	2,144	2,738	1,662	1,349	1,808	1,892
2008	송파구	가락본동	남자	2,839	3,110	1,046	1,391	853	708	940	1,011
2008	송파구	가락본동	여자	2,775	2,869	1,098	1,347	809	641	868	881
2008	송파구	가락1동	계	3,206	7,032	1,141	3,985	1,007	1,553	1,058	1,494
2008	송파구	가락1동	남자	1,557	3,463	571	1,943	489	773	497	747
2008	송파구	가락1동	여자	1,649	3,569	570	2,042	518	780	561	747
2008	송파구	가락2동	계	7,358	6,268	3,028	3,079	2,221	1,344	2,109	1,845
2008	송파구	가락2동	남자	3,582	3,143	1,464	1,522	1,086	671	1,032	950
2008	송파구	가락2동	여자	3,776	3,125	1,564	1,557	1,135	673	1,077	895
2008	송파구	문정1동	계	4,450	5,034	1,619	2,371	1,352	1,228	1,479	1,435
2008	송파구	문정1동	남자	2,187	2,433	802	1,111	658	609	727	713
2008	송파구	문정1동	여자	2,263	2,601	817	1,260	694	619	752	722
2008	송파구	문정2동	계	1,932	2,299	511	916	834	764	587	619
2008	송파구	문정2동	남자	962	1,135	255	444	406	383	301	308
2008	송파구	문정2동	여자	970	1,164	256	472	428	381	286	311
2008	송파구	장지동	계	15,975	5,046	6,847	1,812	5,828	1,360	3,300	1,874
2008	송파구	장지동	남자	7,769	2,538	3,268	936	2,861	672	1,640	930
2008	송파구	장지동	여자	8,206	2,508	3,579	876	2,967	688	1,660	944
2008	송파구	잠실본동	계	7,501	8,439	1,731	3,238	3,170	2,662	2,600	2,539
2008	송파구	잠실본동	남자	3,633	4,047	814	1,511	1,555	1,289	1,264	1,247
2008	송파구	잠실본동	여자	3,868	4,392	917	1,727	1,615	1,373	1,336	1,292
2008	송파구	잠실4동	계	18,835	2,151	5,813	831	9,005	672	4,017	648
2008	송파구	잠실4동	남자	9,236	1,030	2,857	385	4,478	344	1,901	301
2008	송파구	잠실4동	여자	9,599	1,121	2,956	446	4,527	328	2,116	347
2008	송파구	잠실6동	계	3,417	3,659	940	2,122	1,484	820	993	717
2008	송파구	잠실6동	남자	1,603	1,793	413	1,029	704	398	486	366
2008	송파구	잠실6동	여자	1,814	1,866	527	1,093	780	422	507	351
2008	송파구	잠실7동	계	1,256	1,541	267	651	618	538	371	352
2008	송파구	잠실7동	남자	587	707	129	298	286	249	172	160
2008	송파구	잠실7동	여자	669	834	138	353	332	289	199	192
2008	송파구	잠실2동	계	26,006	573	6,701	132	13,407	226	5,898	215
2008	송파구	잠실2동	남자	12,617	277	3,247	64	6,525	97	2,845	116
2008	송파구	잠실2동	여자	13,389	296	3,454	68	6,882	129	3,053	99
2008	송파구	잠실3동	계	8,808	7,036	2,306	3,539	3,968	1,881	2,534	1,616
2008	송파구	잠실3동	남자	4,219	3,403	1,080	1,678	1,918	921	1,221	804
2008	송파구	잠실3동	여자	4,589	3,633	1,226	1,861	2,050	960	1,313	812
2008	강동구	소계	계	93,023	91,811	36,700	36,700	29,271	25,496	27,052	29,615
2008	강동구	소계	남자	46,487	46,167	18,344	18,344	14,678	12,795	13,465	15,028
2008	강동구	소계	여자	46,536	45,644	18,356	18,356	14,593	12,701	13,587	14,587
2008	강동구	강일동	계	95	98	41	39	15	19	39	40
2008	강동구	강일동	남자	59	60	28	24	10	9	21	27
2008	강동구	강일동	여자	36	38	13	15	5	10	18	13
2008	강동구	상일동	계	4,369	5,049	1,486	1,694	1,243	1,218	1,640	2,137
2008	강동구	상일동	남자	2,164	2,537	721	850	630	597	813	1,090
2008	강동구	상일동	여자	2,205	2,512	765	844	613	621	827	1,047
2008	강동구	명일1동	계	5,105	5,722	2,275	2,988	1,290	1,272	1,540	1,462
2008	강동구	명일1동	남자	2,496	2,798	1,111	1,455	632	620	753	723
2008	강동구	명일1동	여자	2,609	2,924	1,164	1,533	658	652	787	739
2008	강동구	명일2동	계	2,902	3,174	1,325	1,467	776	903	801	804
2008	강동구	명일2동	남자	1,443	1,591	657	739	389	442	397	410
2008	강동구	명일2동	여자	1,459	1,583	668	728	387	461	404	394
2008	강동구	고덕1동	계	3,895	4,358	1,314	1,963	1,293	992	1,288	1,403
2008	강동구	고덕1동	남자	1,937	2,194	675	998	629	512	633	684
2008	강동구	고덕1동	여자	1,958	2,164	639	965	664	480	655	719
2008	강동구	고덕2동	계	3,207	3,703	1,245	1,407	850	968	1,112	1,328
2008	강동구	고덕2동	남자	1,580	1,887	608	715	405	476	567	696
2008	강동구	고덕2동	여자	1,627	1,816	637	692	445	492	545	632
2008	강동구	암사2동	계	2,936	3,301	1,049	1,377	1,095	1,014	792	910
2008	강동구	암사2동	남자	1,467	1,628	526	670	535	499	406	459
2008	강동구	암사2동	여자	1,469	1,673	523	707	560	515	386	451
2008	강동구	암사3동	계	9,626	1,607	4,857	769	3,035	374	1,734	464
2008	강동구	암사3동	남자	4,757	824	2,392	384	1,520	190	845	250
2008	강동구	암사3동	여자	4,869	783	2,465	385	1,515	184	889	214
2008	강동구	천호1동	계	6,172	6,723	2,892	3,213	1,531	1,398	1,749	2,112
2008	강동구	천호1동	남자	3,069	3,375	1,433	1,594	769	717	867	1,064
2008	강동구	천호1동	여자	3,103	3,348	1,459	1,619	762	681	882	1,048
2008	강동구	천호3동	계	6,041	6,374	2,227	2,355	1,903	1,863	1,911	2,156
2008	강동구	천호3동	남자	3,039	3,243	1,141	1,201	945	937	953	1,105
2008	강동구	천호3동	여자	3,002	3,131	1,086	1,154	958	926	958	1,051
2008	강동구	성내1동	계	4,010	4,502	1,213	1,377	1,700	1,855	1,097	1,270
2008	강동구	성내1동	남자	2,021	2,252	611	690	873	934	537	628
2008	강동구	성내1동	여자	1,989	2,250	602	687	827	921	560	642
2008	강동구	성내2동	계	5,715	6,213	1,683	2,087	2,167	2,188	1,865	1,938
2008	강동구	성내2동	남자	2,875	3,152	852	1,094	1,085	1,080	938	978
2008	강동구	성내2동	여자	2,840	3,061	831	993	1,082	1,108	927	960
2008	강동구	성내3동	계	5,435	5,604	1,943	1,992	1,914	1,716	1,578	1,896
2008	강동구	성내3동	남자	2,684	2,771	976	964	929	848	779	959
2008	강동구	성내3동	여자	2,751	2,833	967	1,028	985	868	799	937
2008	강동구	둔촌1동	계	3,343	3,681	822	838	1,482	1,861	1,039	982
2008	강동구	둔촌1동	남자	1,685	1,865	432	437	726	919	527	509
2008	강동구	둔촌1동	여자	1,658	1,816	390	401	756	942	512	473
2008	강동구	둔촌2동	계	4,554	5,004	1,677	1,665	1,413	1,455	1,464	1,884
2008	강동구	둔촌2동	남자	2,346	2,597	862	847	734	766	750	984
2008	강동구	둔촌2동	여자	2,208	2,407	815	818	679	689	714	900
2008	강동구	암사1동	계	8,332	8,269	3,750	3,891	2,340	1,749	2,242	2,629
2008	강동구	암사1동	남자	4,201	4,147	1,886	1,910	1,187	885	1,128	1,352
2008	강동구	암사1동	여자	4,131	4,122	1,864	1,981	1,153	864	1,114	1,277
2008	강동구	천호2동	계	7,720	8,127	3,054	3,306	2,313	2,092	2,353	2,729
2008	강동구	천호2동	남자	3,941	4,114	1,583	1,655	1,212	1,090	1,146	1,369
2008	강동구	천호2동	여자	3,779	4,013	1,471	1,651	1,101	1,002	1,207	1,360
2008	강동구	길동	계	9,566	10,302	3,847	4,272	2,911	2,559	2,808	3,471
2008	강동구	길동	남자	4,723	5,132	1,850	2,117	1,468	1,274	1,405	1,741
2008	강동구	길동	여자	4,843	5,170	1,997	2,155	1,443	1,285	1,403	1,730