기간	자치구	총이동	총이동	총이동	총이동	총이동	총이동	시ㆍ도내이동	시ㆍ도내이동	시ㆍ도내이동	시ㆍ도내이동	시ㆍ도내이동	시ㆍ도내이동	시ㆍ도내이동	시ㆍ도내이동	시ㆍ도내이동	시ㆍ도간이동	시ㆍ도간이동	시ㆍ도간이동	시ㆍ도간이동	시ㆍ도간이동	시ㆍ도간이동	순이동	순이동	순이동
기간	자치구	총전입(①+②+④)	총전입(①+②+④)	총전입(①+②+④)	총전출(①+③+⑤)	총전출(①+③+⑤)	총전출(①+③+⑤)	구내이동(①)	구내이동(①)	구내이동(①)	구간이동	구간이동	구간이동	구간이동	구간이동	구간이동	전입(④)	전입(④)	전입(④)	전출(⑤)	전출(⑤)	전출(⑤)	순이동	순이동	순이동
기간	자치구	총전입(①+②+④)	총전입(①+②+④)	총전입(①+②+④)	총전출(①+③+⑤)	총전출(①+③+⑤)	총전출(①+③+⑤)	구내이동(①)	구내이동(①)	구내이동(①)	전입(②)	전입(②)	전입(②)	전출(③)	전출(③)	전출(③)	전입(④)	전입(④)	전입(④)	전출(⑤)	전출(⑤)	전출(⑤)	순이동	순이동	순이동
기간	자치구	소계	남자	여자	소계	남자	여자	소계	남자	여자	계	남자	여자	계	남자	여자	계	남자	여자	계	남자	여자	계	남자	여자
2014	서울특별시	1,573,594	778,712	794,882	1,661,425	828,052	833,373	495,401	239,660	255,741	602,622	298,921	303,701	602,622	298,921	303,701	475,571	240,131	235,440	563,402	289,471	273,931	-87,831	-49,340	-38,491
2014	종로구	24,191	12,145	12,046	27,484	14,051	13,433	4,507	2,144	2,363	11,243	5,642	5,601	14,657	7,513	7,144	8,441	4,359	4,082	8,320	4,394	3,926	-3,293	-1,906	-1,387
2014	중구	20,105	10,306	9,799	22,972	11,819	11,153	3,967	1,973	1,994	10,018	5,096	4,922	12,323	6,290	6,033	6,120	3,237	2,883	6,682	3,556	3,126	-2,867	-1,513	-1,354
2014	용산구	35,618	17,760	17,858	40,635	20,150	20,485	8,454	4,020	4,434	15,452	7,765	7,687	18,266	9,140	9,126	11,712	5,975	5,737	13,915	6,990	6,925	-5,017	-2,390	-2,627
2014	성동구	46,521	23,324	23,197	51,349	25,950	25,399	12,336	6,006	6,330	21,559	10,787	10,772	23,717	11,849	11,868	12,626	6,531	6,095	15,296	8,095	7,201	-4,828	-2,626	-2,202
2014	광진구	56,778	27,973	28,805	64,189	31,945	32,244	18,540	8,922	9,618	20,616	10,304	10,312	24,713	12,240	12,473	17,622	8,747	8,875	20,936	10,783	10,153	-7,411	-3,972	-3,439
2014	동대문구	57,915	29,503	28,412	59,658	30,500	29,158	18,216	9,001	9,215	23,219	11,752	11,467	22,990	11,702	11,288	16,480	8,750	7,730	18,452	9,797	8,655	-1,743	-997	-746
2014	중랑구	69,157	34,425	34,732	68,497	34,220	34,277	27,759	13,669	14,090	25,390	12,703	12,687	19,459	9,645	9,814	16,008	8,053	7,955	21,279	10,906	10,373	660	205	455
2014	성북구	65,082	31,766	33,316	76,521	37,785	38,736	20,926	10,031	10,895	26,278	12,871	13,407	32,828	16,185	16,643	17,878	8,864	9,014	22,767	11,569	11,198	-11,439	-6,019	-5,420
2014	강북구	48,224	23,806	24,418	52,641	26,136	26,505	17,353	8,463	8,890	20,550	10,179	10,371	20,587	10,133	10,454	10,321	5,164	5,157	14,701	7,540	7,161	-4,417	-2,330	-2,087
2014	도봉구	45,658	22,478	23,180	51,552	25,544	26,008	16,128	7,758	8,370	18,121	8,927	9,194	18,276	8,972	9,304	11,409	5,793	5,616	17,148	8,814	8,334	-5,894	-3,066	-2,828
2014	노원구	73,503	35,787	37,716	83,748	41,074	42,674	25,915	12,291	13,624	26,388	13,007	13,381	27,796	13,513	14,283	21,200	10,489	10,711	30,037	15,270	14,767	-10,245	-5,287	-4,958
2014	은평구	73,950	35,934	38,016	80,850	39,658	41,192	30,549	14,488	16,061	23,395	11,479	11,916	20,600	10,205	10,395	20,006	9,967	10,039	29,701	14,965	14,736	-6,900	-3,724	-3,176
2014	서대문구	45,088	22,215	22,873	49,817	24,570	25,247	11,251	5,420	5,831	19,217	9,480	9,737	21,795	10,655	11,140	14,620	7,315	7,305	16,771	8,495	8,276	-4,729	-2,355	-2,374
2014	마포구	68,853	33,333	35,520	67,146	32,762	34,384	18,941	8,952	9,989	28,596	14,134	14,462	26,208	12,859	13,349	21,316	10,247	11,069	21,997	10,951	11,046	1,707	571	1,136
2014	양천구	62,502	30,850	31,652	70,772	35,453	35,319	19,751	9,682	10,069	25,270	12,471	12,799	28,531	14,063	14,468	17,481	8,697	8,784	22,490	11,708	10,782	-8,270	-4,603	-3,667
2014	강서구	109,436	53,487	55,949	96,548	47,468	49,080	39,586	18,963	20,623	41,642	20,582	21,060	24,225	11,946	12,279	28,208	13,942	14,266	32,737	16,559	16,178	12,888	6,019	6,869
2014	구로구	62,804	31,134	31,670	65,025	32,561	32,464	17,625	8,569	9,056	21,991	10,997	10,994	20,613	10,201	10,412	23,188	11,568	11,620	26,787	13,791	12,996	-2,221	-1,427	-794
2014	금천구	33,510	17,405	16,105	37,071	19,368	17,703	11,160	5,604	5,556	9,650	5,041	4,609	10,054	5,234	4,820	12,700	6,760	5,940	15,857	8,530	7,327	-3,561	-1,963	-1,598
2014	영등포구	59,057	30,067	28,990	65,662	33,621	32,041	14,231	7,153	7,078	23,818	12,097	11,721	28,084	14,162	13,922	21,008	10,817	10,191	23,347	12,306	11,041	-6,605	-3,554	-3,051
2014	동작구	63,291	31,491	31,800	69,117	34,519	34,598	14,929	7,175	7,754	26,638	13,027	13,611	29,558	14,500	15,058	21,724	11,289	10,435	24,630	12,844	11,786	-5,826	-3,028	-2,798
2014	관악구	90,987	47,314	43,673	98,182	50,944	47,238	26,344	13,274	13,070	28,127	14,392	13,735	34,262	17,553	16,709	36,516	19,648	16,868	37,576	20,117	17,459	-7,195	-3,630	-3,565
2014	서초구	79,323	38,326	40,997	74,512	36,483	38,029	20,539	9,752	10,787	36,020	17,285	18,735	30,348	14,787	15,561	22,764	11,289	11,475	23,625	11,944	11,681	4,811	1,843	2,968
2014	강남구	115,906	55,983	59,923	104,412	50,761	53,651	32,264	15,185	17,079	47,888	23,332	24,556	37,696	18,521	19,175	35,754	17,466	18,288	34,452	17,055	17,397	11,494	5,222	6,272
2014	송파구	99,723	48,793	50,930	107,490	52,823	54,667	35,426	17,119	18,307	32,954	16,206	16,748	35,029	17,080	17,949	31,343	15,468	15,875	37,035	18,624	18,411	-7,767	-4,030	-3,737
2014	강동구	66,412	33,107	33,305	75,575	37,887	37,688	28,704	14,046	14,658	18,582	9,365	9,217	20,007	9,973	10,034	19,126	9,696	9,430	26,864	13,868	12,996	-9,163	-4,780	-4,383
2015	서울특별시	1,589,431	787,342	802,089	1,726,687	861,496	865,191	524,267	254,671	269,596	605,262	300,429	304,833	605,262	300,429	304,833	459,902	232,242	227,660	597,158	306,396	290,762	-137,256	-74,154	-63,102
2015	종로구	24,951	12,703	12,248	27,470	13,979	13,491	4,617	2,241	2,376	11,846	5,992	5,854	14,426	7,245	7,181	8,488	4,470	4,018	8,427	4,493	3,934	-2,519	-1,276	-1,243
2015	중구	20,078	10,335	9,743	22,950	11,891	11,059	4,070	2,101	1,969	10,073	5,123	4,950	12,126	6,233	5,893	5,935	3,111	2,824	6,754	3,557	3,197	-2,872	-1,556	-1,316
2015	용산구	37,064	18,364	18,700	41,361	20,499	20,862	9,049	4,322	4,727	16,549	8,271	8,278	18,532	9,214	9,318	11,466	5,771	5,695	13,780	6,963	6,817	-4,297	-2,135	-2,162
2015	성동구	48,105	24,087	24,018	49,091	24,721	24,370	12,008	5,867	6,141	23,324	11,595	11,729	21,935	11,036	10,899	12,773	6,625	6,148	15,148	7,818	7,330	-986	-634	-352
2015	광진구	58,871	28,903	29,968	63,920	31,646	32,274	18,401	8,911	9,490	22,949	11,313	11,636	23,570	11,548	12,022	17,521	8,679	8,842	21,949	11,187	10,762	-5,049	-2,743	-2,306
2015	동대문구	55,990	28,647	27,343	60,917	31,246	29,671	17,367	8,617	8,750	22,257	11,375	10,882	23,826	12,181	11,645	16,366	8,655	7,711	19,724	10,448	9,276	-4,927	-2,599	-2,328
2015	중랑구	64,638	32,342	32,296	71,284	35,860	35,424	27,773	13,641	14,132	22,351	11,310	11,041	20,339	10,244	10,095	14,514	7,391	7,123	23,172	11,975	11,197	-6,646	-3,518	-3,128
2015	성북구	66,804	32,621	34,183	76,213	37,704	38,509	22,463	10,758	11,705	26,805	13,244	13,561	31,240	15,516	15,724	17,536	8,619	8,917	22,510	11,430	11,080	-9,409	-5,083	-4,326
2015	강북구	47,491	23,553	23,938	52,240	25,937	26,303	17,050	8,364	8,686	20,125	10,045	10,080	20,424	9,979	10,445	10,316	5,144	5,172	14,766	7,594	7,172	-4,749	-2,384	-2,365
2015	도봉구	48,961	24,159	24,802	52,460	26,081	26,379	17,450	8,512	8,938	20,163	9,941	10,222	17,754	8,665	9,089	11,348	5,706	5,642	17,256	8,904	8,352	-3,499	-1,922	-1,577
2015	노원구	73,528	36,071	37,457	83,672	41,281	42,391	26,191	12,499	13,692	26,958	13,258	13,700	26,038	12,730	13,308	20,379	10,314	10,065	31,443	16,052	15,391	-10,144	-5,210	-4,934
2015	은평구	82,375	40,081	42,294	85,329	41,958	43,371	34,346	16,431	17,915	27,880	13,734	14,146	20,433	10,144	10,289	20,149	9,916	10,233	30,550	15,383	15,167	-2,954	-1,877	-1,077
2015	서대문구	55,729	27,264	28,465	55,165	27,091	28,074	15,178	7,204	7,974	24,763	12,286	12,477	22,764	11,105	11,659	15,788	7,774	8,014	17,223	8,782	8,441	564	173	391
2015	마포구	71,484	34,335	37,149	72,254	35,330	36,924	20,023	9,411	10,612	30,118	14,517	15,601	29,185	14,305	14,880	21,343	10,407	10,936	23,046	11,614	11,432	-770	-995	225
2015	양천구	66,589	33,126	33,463	70,624	35,267	35,357	21,529	10,528	11,001	27,206	13,469	13,737	25,927	12,755	13,172	17,854	9,129	8,725	23,168	11,984	11,184	-4,035	-2,141	-1,894
2015	강서구	94,604	46,317	48,287	94,501	46,797	47,704	33,798	16,196	17,602	33,645	16,736	16,909	25,985	12,963	13,022	27,161	13,385	13,776	34,718	17,638	17,080	103	-480	583
2015	구로구	57,099	28,116	28,983	64,052	32,285	31,767	16,414	8,048	8,366	19,681	9,709	9,972	19,671	9,864	9,807	21,004	10,359	10,645	27,967	14,373	13,594	-6,953	-4,169	-2,784
2015	금천구	34,056	17,794	16,262	37,303	19,493	17,810	11,341	5,761	5,580	10,463	5,509	4,954	9,633	5,018	4,615	12,252	6,524	5,728	16,329	8,714	7,615	-3,247	-1,699	-1,548
2015	영등포구	58,936	30,104	28,832	65,678	33,525	32,153	14,054	7,124	6,930	24,161	12,274	11,887	27,347	13,837	13,510	20,721	10,706	10,015	24,277	12,564	11,713	-6,742	-3,421	-3,321
2015	동작구	66,694	33,110	33,584	76,096	38,151	37,945	17,787	8,691	9,096	27,910	13,603	14,307	31,565	15,564	16,001	20,997	10,816	10,181	26,744	13,896	12,848	-9,402	-5,041	-4,361
2015	관악구	94,590	49,061	45,529	100,724	52,337	48,387	29,534	14,999	14,535	29,383	15,130	14,253	32,946	16,750	16,196	35,673	18,932	16,741	38,244	20,588	17,656	-6,134	-3,276	-2,858
2015	서초구	76,543	36,794	39,749	83,320	40,678	42,642	22,715	10,773	11,942	32,933	15,705	17,228	34,364	16,684	17,680	20,895	10,316	10,579	26,241	13,221	13,020	-6,777	-3,884	-2,893
2015	강남구	108,537	52,660	55,877	114,523	55,680	58,843	34,336	16,250	18,086	40,957	20,127	20,830	41,754	20,456	21,298	33,244	16,283	16,961	38,433	18,974	19,459	-5,986	-3,020	-2,966
2015	송파구	101,994	49,986	52,008	111,346	54,913	56,433	39,136	18,860	20,276	34,340	16,912	17,428	31,936	15,696	16,240	28,518	14,214	14,304	40,274	20,357	19,917	-9,352	-4,927	-4,425
2015	강동구	73,720	36,809	36,911	94,194	47,146	47,048	37,637	18,562	19,075	18,422	9,251	9,171	21,542	10,697	10,845	17,661	8,996	8,665	35,015	17,887	17,128	-20,474	-10,337	-10,137
2016	서울특별시	1,515,602	749,810	765,792	1,655,859	824,751	831,108	487,722	236,745	250,977	574,193	284,069	290,124	574,193	284,069	290,124	453,687	228,996	224,691	593,944	303,937	290,007	-140,257	-74,941	-65,316
2016	종로구	23,604	11,778	11,826	26,386	13,329	13,057	4,145	1,993	2,152	11,135	5,529	5,606	13,913	6,932	6,981	8,324	4,256	4,068	8,328	4,404	3,924	-2,782	-1,551	-1,231
2016	중구	20,595	10,442	10,153	21,655	11,145	10,510	3,844	1,934	1,910	10,582	5,328	5,254	11,618	5,918	5,700	6,169	3,180	2,989	6,193	3,293	2,900	-1,060	-703	-357
2016	용산구	34,124	16,942	17,182	38,615	19,080	19,535	7,881	3,819	4,062	14,917	7,435	7,482	17,371	8,459	8,912	11,326	5,688	5,638	13,363	6,802	6,561	-4,491	-2,138	-2,353
2016	성동구	47,629	23,790	23,839	46,986	23,719	23,267	11,320	5,559	5,761	23,322	11,480	11,842	20,542	10,292	10,250	12,987	6,751	6,236	15,124	7,868	7,256	643	71	572
2016	광진구	55,362	27,077	28,285	60,446	29,980	30,466	16,943	8,140	8,803	21,257	10,416	10,841	21,770	10,822	10,948	17,162	8,521	8,641	21,733	11,018	10,715	-5,084	-2,903	-2,181
2016	동대문구	49,591	25,425	24,166	55,622	28,530	27,092	14,207	7,005	7,202	19,652	10,084	9,568	22,181	11,385	10,796	15,732	8,336	7,396	19,234	10,140	9,094	-6,031	-3,105	-2,926
2016	중랑구	60,566	30,254	30,312	64,823	32,370	32,453	24,608	12,104	12,504	21,351	10,735	10,616	17,417	8,603	8,814	14,607	7,415	7,192	22,798	11,663	11,135	-4,257	-2,116	-2,141
2016	성북구	60,000	29,179	30,821	70,396	34,744	35,652	19,693	9,384	10,309	23,758	11,683	12,075	29,144	14,421	14,723	16,549	8,112	8,437	21,559	10,939	10,620	-10,396	-5,565	-4,831
2016	강북구	44,791	22,388	22,403	48,947	24,518	24,429	15,955	7,894	8,061	18,876	9,459	9,417	18,777	9,224	9,553	9,960	5,035	4,925	14,215	7,400	6,815	-4,156	-2,130	-2,026
2016	도봉구	44,836	22,220	22,616	48,607	24,290	24,317	15,745	7,664	8,081	18,310	9,078	9,232	16,231	7,933	8,298	10,781	5,478	5,303	16,631	8,693	7,938	-3,771	-2,070	-1,701
2016	노원구	72,249	35,411	36,838	81,176	39,943	41,233	26,140	12,512	13,628	25,665	12,551	13,114	24,363	11,821	12,542	20,444	10,348	10,096	30,673	15,610	15,063	-8,927	-4,532	-4,395
2016	은평구	74,864	36,277	38,587	82,925	40,644	42,281	33,453	15,937	17,516	23,255	11,432	11,823	20,740	10,262	10,478	18,156	8,908	9,248	28,732	14,445	14,287	-8,061	-4,367	-3,694
2016	서대문구	55,152	26,693	28,459	54,236	26,569	27,667	14,917	7,032	7,885	24,253	11,794	12,459	21,666	10,564	11,102	15,982	7,867	8,115	17,653	8,973	8,680	916	124	792
2016	마포구	62,642	29,990	32,652	72,793	35,342	37,451	18,248	8,730	9,518	24,297	11,553	12,744	31,508	15,288	16,220	20,097	9,707	10,390	23,037	11,324	11,713	-10,151	-5,352	-4,799
2016	양천구	65,385	32,432	32,953	74,404	37,057	37,347	24,067	11,755	12,312	25,381	12,660	12,721	26,513	13,065	13,448	15,937	8,017	7,920	23,824	12,237	11,587	-9,019	-4,625	-4,394
2016	강서구	95,852	46,918	48,934	93,011	46,075	46,936	33,063	15,822	17,241	35,464	17,588	17,876	24,866	12,400	12,466	27,325	13,508	13,817	35,082	17,853	17,229	2,841	843	1,998
2016	구로구	54,368	26,902	27,466	61,558	30,896	30,662	14,722	7,250	7,472	19,444	9,662	9,782	19,205	9,584	9,621	20,202	9,990	10,212	27,631	14,062	13,569	-7,190	-3,994	-3,196
2016	금천구	34,870	18,079	16,791	36,528	19,084	17,444	11,451	5,802	5,649	11,013	5,655	5,358	9,369	4,858	4,511	12,406	6,622	5,784	15,708	8,424	7,284	-1,658	-1,005	-653
2016	영등포구	61,308	31,181	30,127	71,785	36,503	35,282	17,380	8,833	8,547	23,422	11,806	11,616	29,393	14,712	14,681	20,506	10,542	9,964	25,012	12,958	12,054	-10,477	-5,322	-5,155
2016	동작구	66,425	32,730	33,695	68,243	34,004	34,239	15,963	7,692	8,271	29,101	14,180	14,921	27,605	13,589	14,016	21,361	10,858	10,503	24,675	12,723	11,952	-1,818	-1,274	-544
2016	관악구	91,198	47,786	43,412	96,179	49,961	46,218	26,502	13,513	12,989	28,095	14,571	13,524	32,592	16,625	15,967	36,601	19,702	16,899	37,085	19,823	17,262	-4,981	-2,175	-2,806
2016	서초구	71,136	34,164	36,972	74,319	35,900	38,419	19,100	9,004	10,096	30,999	14,888	16,111	30,075	14,364	15,711	21,037	10,272	10,765	25,144	12,532	12,612	-3,183	-1,736	-1,447
2016	강남구	95,358	46,111	49,247	108,949	52,808	56,141	29,827	13,988	15,839	34,525	16,889	17,636	40,474	19,671	20,803	31,006	15,234	15,772	38,648	19,149	19,499	-13,591	-6,697	-6,894
2016	송파구	105,735	51,742	53,993	112,735	55,837	56,898	37,505	18,113	19,392	36,782	17,947	18,835	29,011	14,344	14,667	31,448	15,682	15,766	46,219	23,380	22,839	-7,000	-4,095	-2,905
2016	강동구	67,962	33,899	34,063	84,535	42,423	42,112	31,043	15,266	15,777	19,337	9,666	9,671	17,849	8,933	8,916	17,582	8,967	8,615	35,643	18,224	17,419	-16,573	-8,524	-8,049
2017	서울특별시	1,472,937	727,992	744,945	1,571,423	783,410	788,013	454,536	221,209	233,327	564,271	278,470	285,801	564,271	278,470	285,801	454,130	228,313	225,817	552,616	283,731	268,885	-98,486	-55,418	-43,068
2017	종로구	28,020	13,977	14,043	25,814	12,981	12,833	4,512	2,207	2,305	14,610	7,197	7,413	13,178	6,578	6,600	8,898	4,573	4,325	8,124	4,196	3,928	2,206	996	1,210
2017	중구	20,904	10,501	10,403	20,574	10,415	10,159	3,338	1,623	1,715	11,189	5,651	5,538	11,319	5,719	5,600	6,377	3,227	3,150	5,917	3,073	2,844	330	86	244
2017	용산구	35,154	17,482	17,672	36,622	18,235	18,387	7,302	3,595	3,707	16,054	7,987	8,067	16,866	8,281	8,585	11,798	5,900	5,898	12,454	6,359	6,095	-1,468	-753	-715
2017	성동구	50,416	24,816	25,600	46,031	23,250	22,781	11,151	5,463	5,688	25,046	12,228	12,818	20,756	10,335	10,421	14,219	7,125	7,094	14,124	7,452	6,672	4,385	1,566	2,819
2017	광진구	56,010	27,208	28,802	56,647	28,048	28,599	16,364	7,836	8,528	22,011	10,737	11,274	20,936	10,335	10,601	17,635	8,635	9,000	19,347	9,877	9,470	-637	-840	203
2017	동대문구	47,899	24,648	23,251	52,733	26,986	25,747	13,489	6,752	6,737	18,879	9,695	9,184	21,618	10,950	10,668	15,531	8,201	7,330	17,626	9,284	8,342	-4,834	-2,338	-2,496
2017	중랑구	56,385	28,421	27,964	59,947	30,185	29,762	22,111	10,998	11,113	20,569	10,417	10,152	16,619	8,268	8,351	13,705	7,006	6,699	21,217	10,919	10,298	-3,562	-1,764	-1,798
2017	성북구	61,285	30,082	31,203	68,221	33,626	34,595	20,294	9,723	10,571	24,663	12,211	12,452	27,925	13,790	14,135	16,328	8,148	8,180	20,002	10,113	9,889	-6,936	-3,544	-3,392
2017	강북구	42,231	20,700	21,531	44,809	22,332	22,477	14,164	6,953	7,211	18,237	9,004	9,233	17,229	8,500	8,729	9,830	4,743	5,087	13,416	6,879	6,537	-2,578	-1,632	-946
2017	도봉구	40,965	20,211	20,754	45,260	22,661	22,599	13,548	6,634	6,914	16,966	8,376	8,590	15,818	7,765	8,053	10,451	5,201	5,250	15,894	8,262	7,632	-4,295	-2,450	-1,845
2017	노원구	64,406	31,730	32,676	78,488	38,830	39,658	23,570	11,258	12,312	21,744	10,733	11,011	25,639	12,397	13,242	19,092	9,739	9,353	29,279	15,175	14,104	-14,082	-7,100	-6,982
2017	은평구	68,402	33,322	35,080	73,637	36,217	37,420	27,968	13,389	14,579	22,431	10,990	11,441	18,672	9,078	9,594	18,003	8,943	9,060	26,997	13,750	13,247	-5,235	-2,895	-2,340
2017	서대문구	48,534	23,601	24,933	50,286	24,954	25,332	11,716	5,611	6,105	21,699	10,520	11,179	22,362	11,018	11,344	15,119	7,470	7,649	16,208	8,325	7,883	-1,752	-1,353	-399
2017	마포구	57,490	27,221	30,269	63,689	30,912	32,777	14,608	6,843	7,765	23,249	11,093	12,156	28,404	13,789	14,615	19,633	9,285	10,348	20,677	10,280	10,397	-6,199	-3,691	-2,508
2017	양천구	54,797	27,094	27,703	62,729	31,445	31,284	17,134	8,360	8,774	22,226	10,908	11,318	23,721	11,674	12,047	15,437	7,826	7,611	21,874	11,411	10,463	-7,932	-4,351	-3,581
2017	강서구	90,217	44,019	46,198	86,483	42,628	43,855	28,946	13,861	15,085	32,381	15,900	16,481	23,318	11,488	11,830	28,890	14,258	14,632	34,219	17,279	16,940	3,734	1,391	2,343
2017	구로구	50,077	25,094	24,983	58,672	29,472	29,200	13,395	6,562	6,833	17,035	8,630	8,405	18,527	9,217	9,310	19,647	9,902	9,745	26,750	13,693	13,057	-8,595	-4,378	-4,217
2017	금천구	34,230	17,790	16,440	34,907	18,273	16,634	10,288	5,200	5,088	10,988	5,680	5,308	8,764	4,627	4,137	12,954	6,910	6,044	15,855	8,446	7,409	-677	-483	-194
2017	영등포구	62,622	31,660	30,962	66,039	33,351	32,688	15,910	8,028	7,882	25,762	12,971	12,791	27,019	13,433	13,586	20,950	10,661	10,289	23,110	11,890	11,220	-3,417	-1,691	-1,726
2017	동작구	60,949	30,092	30,857	66,978	33,561	33,417	14,741	7,152	7,589	25,321	12,241	13,080	28,015	13,876	14,139	20,887	10,699	10,188	24,222	12,533	11,689	-6,029	-3,469	-2,560
2017	관악구	90,303	46,727	43,576	94,943	49,550	45,393	26,604	13,583	13,021	26,843	13,772	13,071	32,178	16,504	15,674	36,856	19,372	17,484	36,161	19,463	16,698	-4,640	-2,823	-1,817
2017	서초구	68,680	32,911	35,769	76,574	37,154	39,420	20,152	9,586	10,566	28,160	13,397	14,763	32,193	15,459	16,734	20,368	9,928	10,440	24,229	12,109	12,120	-7,894	-4,243	-3,651
2017	강남구	90,474	44,120	46,354	103,367	50,089	53,278	28,057	13,340	14,717	33,068	16,304	16,764	40,280	19,376	20,904	29,349	14,476	14,873	35,030	17,373	17,657	-12,893	-5,969	-6,924
2017	송파구	110,872	53,740	57,132	107,154	52,593	54,561	37,182	17,759	19,423	40,957	19,770	21,187	30,710	14,989	15,721	32,733	16,211	16,522	39,262	19,845	19,417	3,718	1,147	2,571
2017	강동구	81,615	40,825	40,790	90,819	45,662	45,157	37,992	18,893	19,099	24,183	12,058	12,125	22,205	11,024	11,181	19,440	9,874	9,566	30,622	15,745	14,877	-9,204	-4,837	-4,367
2018	서울특별시	1,439,707	708,980	730,727	1,549,937	771,537	778,400	430,780	208,888	221,892	548,796	270,706	278,090	548,796	270,706	278,090	460,131	229,386	230,745	570,361	291,943	278,418	-110,230	-62,557	-47,673
2018	종로구	23,187	11,517	11,670	24,798	12,543	12,255	3,807	1,875	1,932	11,098	5,514	5,584	12,793	6,395	6,398	8,282	4,128	4,154	8,198	4,273	3,925	-1,611	-1,026	-585
2018	중구	20,771	10,393	10,378	20,873	10,658	10,215	3,424	1,731	1,693	10,733	5,382	5,351	11,100	5,623	5,477	6,614	3,280	3,334	6,349	3,304	3,045	-102	-265	163
2018	용산구	37,339	18,434	18,905	37,801	18,751	19,050	7,853	3,847	4,006	16,999	8,418	8,581	16,873	8,423	8,450	12,487	6,169	6,318	13,075	6,481	6,594	-462	-317	-145
2018	성동구	51,358	25,230	26,128	49,012	24,690	24,322	12,243	5,895	6,348	24,275	11,882	12,393	22,031	11,082	10,949	14,840	7,453	7,387	14,738	7,713	7,025	2,346	540	1,806
2018	광진구	55,728	26,946	28,782	58,774	28,892	29,882	17,036	8,100	8,936	21,274	10,387	10,887	21,447	10,483	10,964	17,418	8,459	8,959	20,291	10,309	9,982	-3,046	-1,946	-1,100
2018	동대문구	54,899	27,948	26,951	57,605	29,597	28,008	15,918	7,990	7,928	21,820	11,156	10,664	22,741	11,588	11,153	17,161	8,802	8,359	18,946	10,019	8,927	-2,706	-1,649	-1,057
2018	중랑구	54,168	27,105	27,063	59,616	30,062	29,554	20,671	10,275	10,396	19,406	9,811	9,595	16,476	8,233	8,243	14,091	7,019	7,072	22,469	11,554	10,915	-5,448	-2,957	-2,491
2018	성북구	57,147	27,668	29,479	65,477	32,287	33,190	17,850	8,482	9,368	22,849	11,164	11,685	26,886	13,222	13,664	16,448	8,022	8,426	20,741	10,583	10,158	-8,330	-4,619	-3,711
2018	강북구	40,941	20,377	20,564	45,800	22,834	22,966	14,384	7,159	7,225	16,708	8,424	8,284	17,345	8,449	8,896	9,849	4,794	5,055	14,071	7,226	6,845	-4,859	-2,457	-2,402
2018	도봉구	39,518	19,519	19,999	44,213	22,005	22,208	13,353	6,447	6,906	16,245	8,041	8,204	14,959	7,320	7,639	9,920	5,031	4,889	15,901	8,238	7,663	-4,695	-2,486	-2,209
2018	노원구	61,867	30,496	31,371	72,748	36,132	36,616	20,348	9,747	10,601	22,309	11,030	11,279	22,561	11,046	11,515	19,210	9,719	9,491	29,839	15,339	14,500	-10,881	-5,636	-5,245
2018	은평구	67,489	32,403	35,086	71,519	35,018	36,501	26,823	12,688	14,135	22,289	10,791	11,498	17,178	8,383	8,795	18,377	8,924	9,453	27,518	13,947	13,571	-4,030	-2,615	-1,415
2018	서대문구	45,861	22,226	23,635	48,484	23,788	24,696	11,158	5,280	5,878	19,492	9,518	9,974	20,742	10,147	10,595	15,211	7,428	7,783	16,584	8,361	8,223	-2,623	-1,562	-1,061
2018	마포구	60,227	28,530	31,697	61,071	29,614	31,457	14,817	6,923	7,894	24,582	11,746	12,836	25,393	12,262	13,131	20,828	9,861	10,967	20,861	10,429	10,432	-844	-1,084	240
2018	양천구	54,579	26,980	27,599	62,414	31,127	31,287	16,607	8,032	8,575	22,383	11,061	11,322	22,756	11,135	11,621	15,589	7,887	7,702	23,051	11,960	11,091	-7,835	-4,147	-3,688
2018	강서구	83,699	40,839	42,860	90,281	44,472	45,809	26,562	12,625	13,937	28,883	14,187	14,696	24,894	12,192	12,702	28,254	14,027	14,227	38,825	19,655	19,170	-6,582	-3,633	-2,949
2018	구로구	51,108	25,580	25,528	58,543	29,581	28,962	13,516	6,671	6,845	18,279	9,143	9,136	17,607	8,827	8,780	19,313	9,766	9,547	27,420	14,083	13,337	-7,435	-4,001	-3,434
2018	금천구	33,794	17,809	15,985	35,508	18,536	16,972	9,958	5,094	4,864	11,073	5,812	5,261	8,692	4,489	4,203	12,763	6,903	5,860	16,858	8,953	7,905	-1,714	-727	-987
2018	영등포구	59,862	30,294	29,568	62,108	31,607	30,501	13,239	6,724	6,515	24,622	12,336	12,286	25,540	12,817	12,723	22,001	11,234	10,767	23,329	12,066	11,263	-2,246	-1,313	-933
2018	동작구	65,099	31,878	33,221	66,105	32,969	33,136	14,489	7,039	7,450	28,822	13,965	14,857	26,972	13,214	13,758	21,788	10,874	10,914	24,644	12,716	11,928	-1,006	-1,091	85
2018	관악구	94,403	47,887	46,516	96,477	49,615	46,862	26,397	13,164	13,233	28,415	14,483	13,932	32,225	16,379	15,846	39,591	20,240	19,351	37,855	20,072	17,783	-2,074	-1,728	-346
2018	서초구	74,658	35,985	38,673	83,489	40,150	43,339	24,245	11,508	12,737	29,695	14,327	15,368	34,480	16,490	17,990	20,718	10,150	10,568	24,764	12,152	12,612	-8,831	-4,165	-4,666
2018	강남구	91,611	44,348	47,263	106,802	51,835	54,967	28,824	13,689	15,135	32,819	15,986	16,833	42,305	20,384	21,921	29,968	14,673	15,295	35,673	17,762	17,911	-15,191	-7,487	-7,704
2018	송파구	101,060	48,997	52,063	101,486	49,893	51,593	33,018	15,826	17,192	36,128	17,471	18,657	28,508	13,953	14,555	31,914	15,700	16,214	39,960	20,114	19,846	-426	-896	470
2018	강동구	59,334	29,591	29,743	68,933	34,881	34,052	24,240	12,077	12,163	17,598	8,671	8,927	16,292	8,170	8,122	17,496	8,843	8,653	28,401	14,634	13,767	-9,599	-5,290	-4,309