기간	자치구	행정동	세대	인구	인구	인구	인구	인구	인구	인구	인구	인구	세대당인구	65세이상고령자
기간	자치구	행정동	세대	합계	합계	합계	한국인	한국인	한국인	외국인	외국인	외국인	세대당인구	65세이상고령자
기간	자치구	행정동	세대	계	남자	여자	계	남자	여자	계	남자	여자	세대당인구	65세이상고령자
2018.3/4	합계	합계	4,254,018	10,068,381	4,922,959	5,145,422	9,793,003	4,789,821	5,003,182	275,378	133,138	142,240	2.3	1,405,404
2018.3/4	종로구	소계	73,696	163,086	79,301	83,785	153,396	75,024	78,372	9,690	4,277	5,413	2.08	26,622
2018.3/4	종로구	사직동	4,507	9,763	4,440	5,323	9,497	4,291	5,206	266	149	117	2.11	1,755
2018.3/4	종로구	삼청동	1,424	3,069	1,460	1,609	2,849	1,346	1,503	220	114	106	2	629
2018.3/4	종로구	부암동	4,308	10,581	5,076	5,505	10,168	4,894	5,274	413	182	231	2.36	1,759
2018.3/4	종로구	평창동	7,601	19,175	9,023	10,152	19,015	8,947	10,068	160	76	84	2.5	3,135
2018.3/4	종로구	무악동	3,005	8,239	3,857	4,382	8,197	3,842	4,355	42	15	27	2.73	1,283
2018.3/4	종로구	교남동	4,534	10,798	5,051	5,747	10,636	4,964	5,672	162	87	75	2.35	1,463
2018.3/4	종로구	가회동	2,057	4,568	2,135	2,433	4,450	2,072	2,378	118	63	55	2.16	904
2018.3/4	종로구	종로1.2.3.4가동	5,307	8,474	4,962	3,512	7,455	4,425	3,030	1,019	537	482	1.4	1,891
2018.3/4	종로구	종로5·6가동	3,153	5,590	3,045	2,545	5,251	2,879	2,372	339	166	173	1.67	1,087
2018.3/4	종로구	이화동	4,491	8,647	4,038	4,609	8,131	3,848	4,283	516	190	326	1.81	1,331
2018.3/4	종로구	창신1동	3,008	6,278	3,393	2,885	5,397	2,932	2,465	881	461	420	1.79	1,160
2018.3/4	종로구	창신2동	4,190	10,126	5,135	4,991	8,903	4,536	4,367	1,223	599	624	2.12	1,668
2018.3/4	종로구	창신3동	2,876	7,430	3,671	3,759	7,255	3,579	3,676	175	92	83	2.52	1,125
2018.3/4	종로구	숭인1동	2,980	6,736	3,321	3,415	6,403	3,169	3,234	333	152	181	2.15	1,127
2018.3/4	종로구	숭인2동	5,704	10,061	5,065	4,996	9,601	4,891	4,710	460	174	286	1.68	1,600
2018.3/4	종로구	청운효자동	5,404	13,343	6,276	7,067	13,081	6,133	6,948	262	143	119	2.42	2,154
2018.3/4	종로구	혜화동	9,147	20,208	9,353	10,855	17,107	8,276	8,831	3,101	1,077	2,024	1.87	2,551
2018.3/4	중구	소계	61,232	135,258	66,554	68,704	125,815	62,063	63,752	9,443	4,491	4,952	2.05	21,902
2018.3/4	중구	소공동	1,076	2,865	1,474	1,391	2,042	998	1,044	823	476	347	1.9	262
2018.3/4	중구	회현동	3,244	5,879	3,205	2,674	5,271	2,882	2,389	608	323	285	1.62	1,373
2018.3/4	중구	명동	1,400	3,416	1,517	1,899	2,843	1,205	1,638	573	312	261	2.03	688
2018.3/4	중구	필동	2,281	4,922	2,483	2,439	4,014	2,089	1,925	908	394	514	1.76	787
2018.3/4	중구	장충동	2,661	5,606	2,748	2,858	4,735	2,413	2,322	871	335	536	1.78	768
2018.3/4	중구	광희동	2,899	6,039	3,137	2,902	4,964	2,626	2,338	1,075	511	564	1.71	1,114
2018.3/4	중구	을지로동	1,230	1,877	1,149	728	1,697	1,055	642	180	94	86	1.38	463
2018.3/4	중구	신당5동	4,466	9,679	4,796	4,883	9,341	4,646	4,695	338	150	188	2.09	1,514
2018.3/4	중구	황학동	6,478	13,356	6,521	6,835	12,375	6,077	6,298	981	444	537	1.91	1,800
2018.3/4	중구	중림동	5,739	12,814	6,440	6,374	12,489	6,258	6,231	325	182	143	2.18	1,864
2018.3/4	중구	신당동	4,417	9,457	4,672	4,785	7,781	3,902	3,879	1,676	770	906	1.76	1,304
2018.3/4	중구	다산동	6,906	15,229	7,390	7,839	14,712	7,163	7,549	517	227	290	2.13	2,429
2018.3/4	중구	약수동	7,789	18,024	8,538	9,486	17,806	8,421	9,385	218	117	101	2.29	3,383
2018.3/4	중구	청구동	6,456	14,877	7,077	7,800	14,690	6,988	7,702	187	89	98	2.28	2,491
2018.3/4	중구	동화동	4,190	11,218	5,407	5,811	11,055	5,340	5,715	163	67	96	2.64	1,662
2018.3/4	용산구	소계	108,777	245,087	119,830	125,257	229,391	110,861	118,530	15,696	8,969	6,727	2.11	37,443
2018.3/4	용산구	후암동	8,521	18,755	9,122	9,633	18,216	8,840	9,376	539	282	257	2.14	2,932
2018.3/4	용산구	용산2가동	5,536	12,152	5,958	6,194	10,812	5,223	5,589	1,340	735	605	1.95	2,003
2018.3/4	용산구	남영동	5,418	8,465	5,143	3,322	7,825	4,820	3,005	640	323	317	1.44	1,543
2018.3/4	용산구	원효로2동	6,050	15,143	7,106	8,037	14,998	7,045	7,953	145	61	84	2.48	2,277
2018.3/4	용산구	효창동	3,603	8,785	4,182	4,603	8,681	4,136	4,545	104	46	58	2.41	1,267
2018.3/4	용산구	용문동	5,367	12,833	6,188	6,645	12,706	6,133	6,573	127	55	72	2.37	1,944
2018.3/4	용산구	이촌1동	10,188	29,247	13,696	15,551	28,177	13,124	15,053	1,070	572	498	2.77	4,253
2018.3/4	용산구	이촌2동	3,851	9,153	4,321	4,832	9,063	4,283	4,780	90	38	52	2.35	1,678
2018.3/4	용산구	이태원1동	3,843	9,155	4,827	4,328	7,012	3,315	3,697	2,143	1,512	631	1.82	1,507
2018.3/4	용산구	이태원2동	4,955	10,906	5,165	5,741	9,477	4,392	5,085	1,429	773	656	1.91	1,848
2018.3/4	용산구	서빙고동	5,329	14,313	6,916	7,397	13,579	6,535	7,044	734	381	353	2.55	2,044
2018.3/4	용산구	보광동	7,750	16,260	8,134	8,126	15,028	7,344	7,684	1,232	790	442	1.94	2,666
2018.3/4	용산구	청파동	10,647	21,136	10,011	11,125	20,352	9,738	10,614	784	273	511	1.91	3,241
2018.3/4	용산구	원효로1동	7,337	15,997	7,799	8,198	15,394	7,480	7,914	603	319	284	2.1	1,830
2018.3/4	용산구	한강로동	9,442	19,140	9,392	9,748	17,597	8,569	9,028	1,543	823	720	1.86	2,957
2018.3/4	용산구	한남동	10,940	23,647	11,870	11,777	20,474	9,884	10,590	3,173	1,986	1,187	1.87	3,453
2018.3/4	성동구	소계	136,831	317,197	155,652	161,545	309,251	152,006	157,245	7,946	3,646	4,300	2.26	42,581
2018.3/4	성동구	왕십리2동	7,673	18,197	8,887	9,310	17,815	8,727	9,088	382	160	222	2.32	2,387
2018.3/4	성동구	마장동	10,635	24,213	11,913	12,300	23,517	11,632	11,885	696	281	415	2.21	3,481
2018.3/4	성동구	사근동	7,098	13,211	6,619	6,592	11,615	5,999	5,616	1,596	620	976	1.64	1,414
2018.3/4	성동구	행당1동	7,151	16,382	7,973	8,409	15,931	7,777	8,154	451	196	255	2.23	2,254
2018.3/4	성동구	행당2동	9,492	25,171	11,886	13,285	25,084	11,848	13,236	87	38	49	2.64	3,343
2018.3/4	성동구	응봉동	6,219	16,377	7,764	8,613	16,314	7,741	8,573	63	23	40	2.62	2,341
2018.3/4	성동구	금호1가동	6,549	16,068	7,729	8,339	15,966	7,681	8,285	102	48	54	2.44	2,280
2018.3/4	성동구	금호4가동	6,495	15,463	7,397	8,066	15,313	7,329	7,984	150	68	82	2.36	2,117
2018.3/4	성동구	성수1가1동	7,651	17,622	8,849	8,773	17,304	8,663	8,641	318	186	132	2.26	1,967
2018.3/4	성동구	성수1가2동	7,247	15,960	7,989	7,971	15,526	7,771	7,755	434	218	216	2.14	1,992
2018.3/4	성동구	성수2가1동	8,563	18,396	9,536	8,860	17,664	9,182	8,482	732	354	378	2.06	2,622
2018.3/4	성동구	성수2가3동	5,658	11,936	6,174	5,762	11,588	5,974	5,614	348	200	148	2.05	1,695
2018.3/4	성동구	송정동	5,510	11,820	6,262	5,558	11,298	6,007	5,291	522	255	267	2.05	1,601
2018.3/4	성동구	용답동	8,044	16,388	8,639	7,749	15,285	8,098	7,187	1,103	541	562	1.9	2,468
2018.3/4	성동구	왕십리도선동	11,590	27,869	13,318	14,551	27,376	13,101	14,275	493	217	276	2.36	3,335
2018.3/4	성동구	금호2.3가동	10,312	24,533	11,736	12,797	24,332	11,647	12,685	201	89	112	2.36	3,634
2018.3/4	성동구	옥수동	10,944	27,591	12,981	14,610	27,323	12,829	14,494	268	152	116	2.5	3,650
2018.3/4	광진구	소계	161,714	369,999	179,120	190,879	355,032	172,678	182,354	14,967	6,442	8,525	2.2	45,202
2018.3/4	광진구	화양동	15,304	24,828	11,416	13,412	21,516	10,304	11,212	3,312	1,112	2,200	1.41	2,177
2018.3/4	광진구	군자동	10,364	21,862	10,759	11,103	20,042	9,898	10,144	1,820	861	959	1.93	2,700
2018.3/4	광진구	중곡1동	7,892	16,511	8,094	8,417	16,061	7,904	8,157	450	190	260	2.04	2,237
2018.3/4	광진구	중곡2동	10,226	22,736	10,992	11,744	22,370	10,835	11,535	366	157	209	2.19	2,876
2018.3/4	광진구	중곡3동	8,450	17,875	8,854	9,021	17,639	8,772	8,867	236	82	154	2.09	2,507
2018.3/4	광진구	중곡4동	13,150	31,333	15,446	15,887	30,985	15,310	15,675	348	136	212	2.36	4,386
2018.3/4	광진구	능동	6,118	11,882	5,516	6,366	11,547	5,350	6,197	335	166	169	1.89	1,434
2018.3/4	광진구	구의1동	11,556	23,416	11,218	12,198	22,667	10,863	11,804	749	355	394	1.96	2,859
2018.3/4	광진구	구의2동	10,708	25,928	12,566	13,362	25,530	12,398	13,132	398	168	230	2.38	3,683
2018.3/4	광진구	구의3동	12,162	30,548	14,570	15,978	30,229	14,419	15,810	319	151	168	2.49	3,532
2018.3/4	광진구	광장동	11,999	36,407	17,662	18,745	36,237	17,588	18,649	170	74	96	3.02	3,355
2018.3/4	광진구	자양1동	11,345	24,545	11,854	12,691	23,380	11,311	12,069	1,165	543	622	2.06	3,061
2018.3/4	광진구	자양2동	11,318	27,658	13,581	14,077	27,290	13,415	13,875	368	166	202	2.41	3,443
2018.3/4	광진구	자양3동	11,053	30,193	14,574	15,619	29,873	14,433	15,440	320	141	179	2.7	3,518
2018.3/4	광진구	자양4동	10,069	24,277	12,018	12,259	19,666	9,878	9,788	4,611	2,140	2,471	1.95	3,434
2018.3/4	동대문구	소계	162,232	366,101	180,817	185,284	350,556	174,863	175,693	15,545	5,954	9,591	2.16	57,096
2018.3/4	동대문구	회기동	5,922	12,872	5,799	7,073	10,388	4,982	5,406	2,484	817	1,667	1.75	1,456
2018.3/4	동대문구	휘경1동	6,880	14,545	7,112	7,433	12,996	6,520	6,476	1,549	592	957	1.89	2,175
2018.3/4	동대문구	휘경2동	11,189	25,119	12,324	12,795	24,595	12,141	12,454	524	183	341	2.2	3,462
2018.3/4	동대문구	청량리동	10,521	22,679	11,363	11,316	21,966	11,027	10,939	713	336	377	2.09	4,994
2018.3/4	동대문구	용신동	16,292	31,783	16,313	15,470	30,312	15,661	14,651	1,471	652	819	1.86	5,306
2018.3/4	동대문구	제기동	12,762	27,482	13,798	13,684	25,159	12,898	12,261	2,323	900	1,423	1.97	5,224
2018.3/4	동대문구	전농1동	14,430	30,673	15,478	15,195	30,158	15,255	14,903	515	223	292	2.09	5,125
2018.3/4	동대문구	전농2동	7,681	20,403	9,774	10,629	19,946	9,622	10,324	457	152	305	2.6	3,294
2018.3/4	동대문구	답십리1동	12,105	28,873	14,104	14,769	28,462	13,924	14,538	411	180	231	2.35	3,595
2018.3/4	동대문구	답십리2동	11,997	29,160	14,278	14,882	28,865	14,143	14,722	295	135	160	2.41	4,852
2018.3/4	동대문구	장안1동	17,126	39,264	19,617	19,647	38,646	19,345	19,301	618	272	346	2.26	5,515
2018.3/4	동대문구	장안2동	12,643	31,238	15,628	15,610	30,978	15,537	15,441	260	91	169	2.45	4,212
2018.3/4	동대문구	이문1동	13,971	29,797	14,374	15,423	26,421	13,193	13,228	3,376	1,181	2,195	1.89	4,400
2018.3/4	동대문구	이문2동	8,713	22,213	10,855	11,358	21,664	10,615	11,049	549	240	309	2.49	3,486
2018.3/4	중랑구	소계	180,044	409,058	203,014	206,044	404,313	201,089	203,224	4,745	1,925	2,820	2.25	61,271
2018.3/4	중랑구	면목2동	12,178	26,572	13,291	13,281	26,224	13,164	13,060	348	127	221	2.15	3,920
2018.3/4	중랑구	면목4동	9,473	20,901	10,367	10,534	20,601	10,237	10,364	300	130	170	2.17	3,370
2018.3/4	중랑구	면목5동	4,614	10,160	5,197	4,963	10,030	5,141	4,889	130	56	74	2.17	1,572
2018.3/4	중랑구	면목7동	10,091	22,349	11,075	11,274	22,050	10,956	11,094	299	119	180	2.19	3,704
2018.3/4	중랑구	상봉1동	10,165	25,775	12,611	13,164	25,626	12,552	13,074	149	59	90	2.52	3,274
2018.3/4	중랑구	상봉2동	10,085	19,146	9,442	9,704	18,840	9,314	9,526	306	128	178	1.87	2,623
2018.3/4	중랑구	중화1동	8,842	20,995	10,363	10,632	20,839	10,303	10,536	156	60	96	2.36	3,003
2018.3/4	중랑구	중화2동	14,293	28,630	14,732	13,898	28,016	14,476	13,540	614	256	358	1.96	4,688
2018.3/4	중랑구	묵1동	14,476	36,289	17,746	18,543	36,127	17,686	18,441	162	60	102	2.5	5,076
2018.3/4	중랑구	묵2동	9,140	20,325	10,004	10,321	20,110	9,930	10,180	215	74	141	2.2	2,997
2018.3/4	중랑구	망우3동	8,449	18,391	9,202	9,189	18,109	9,092	9,017	282	110	172	2.14	2,945
2018.3/4	중랑구	신내1동	14,493	41,110	20,130	20,980	40,970	20,063	20,907	140	67	73	2.83	5,755
2018.3/4	중랑구	신내2동	9,016	22,577	10,841	11,736	22,506	10,819	11,687	71	22	49	2.5	3,414
2018.3/4	중랑구	면목본동	17,473	36,622	18,225	18,397	35,853	17,894	17,959	769	331	438	2.05	5,356
2018.3/4	중랑구	면목3.8동	12,592	27,317	13,677	13,640	26,859	13,483	13,376	458	194	264	2.13	4,437
2018.3/4	중랑구	망우본동	14,664	31,899	16,111	15,788	31,553	15,979	15,574	346	132	214	2.15	5,137
2018.3/4	성북구	소계	186,744	449,574	217,656	231,918	438,031	213,159	224,872	11,543	4,497	7,046	2.35	67,447
2018.3/4	성북구	돈암1동	6,379	16,495	7,736	8,759	16,380	7,690	8,690	115	46	69	2.57	2,594
2018.3/4	성북구	돈암2동	8,530	25,150	12,038	13,112	25,054	11,993	13,061	96	45	51	2.94	3,114
2018.3/4	성북구	안암동	8,814	17,345	8,496	8,849	15,339	7,819	7,520	2,006	677	1,329	1.74	2,033
2018.3/4	성북구	보문동	7,992	17,279	8,378	8,901	16,931	8,234	8,697	348	144	204	2.12	2,329
2018.3/4	성북구	정릉1동	7,045	18,684	8,899	9,785	18,141	8,752	9,389	543	147	396	2.58	2,797
2018.3/4	성북구	정릉2동	9,624	24,284	11,866	12,418	24,058	11,785	12,273	226	81	145	2.5	4,000
2018.3/4	성북구	정릉3동	7,596	17,341	8,685	8,656	15,952	8,008	7,944	1,389	677	712	2.1	3,079
2018.3/4	성북구	정릉4동	11,042	27,255	13,214	14,041	26,936	13,119	13,817	319	95	224	2.44	4,395
2018.3/4	성북구	길음1동	13,007	37,859	18,110	19,749	37,653	18,021	19,632	206	89	117	2.89	4,167
2018.3/4	성북구	길음2동	4,948	11,837	5,753	6,084	11,694	5,692	6,002	143	61	82	2.36	1,884
2018.3/4	성북구	월곡1동	10,717	27,915	13,579	14,336	27,693	13,496	14,197	222	83	139	2.58	4,250
2018.3/4	성북구	월곡2동	8,914	20,791	10,149	10,642	20,179	9,867	10,312	612	282	330	2.26	3,267
2018.3/4	성북구	장위1동	9,025	21,309	10,513	10,796	21,097	10,439	10,658	212	74	138	2.34	3,406
2018.3/4	성북구	장위2동	6,903	15,920	7,942	7,978	15,639	7,822	7,817	281	120	161	2.27	3,191
2018.3/4	성북구	장위3동	4,852	11,855	5,951	5,904	11,664	5,864	5,800	191	87	104	2.4	1,904
2018.3/4	성북구	성북동	8,024	17,961	8,487	9,474	17,421	8,261	9,160	540	226	314	2.17	2,945
2018.3/4	성북구	삼선동	12,677	27,070	13,030	14,040	26,498	12,783	13,715	572	247	325	2.09	3,985
2018.3/4	성북구	동선동	8,896	16,507	7,007	9,500	15,659	6,757	8,902	848	250	598	1.76	2,157
2018.3/4	성북구	종암동	17,040	42,741	20,958	21,783	40,947	20,323	20,624	1,794	635	1,159	2.4	6,084
2018.3/4	성북구	석관동	14,719	33,976	16,865	17,111	33,096	16,434	16,662	880	431	449	2.25	5,866
2018.3/4	강북구	소계	143,172	324,276	158,263	166,013	320,576	156,829	163,747	3,700	1,434	2,266	2.24	57,741
2018.3/4	강북구	번1동	10,160	20,002	9,938	10,064	19,638	9,796	9,842	364	142	222	1.93	3,331
2018.3/4	강북구	번2동	7,542	17,609	8,515	9,094	17,480	8,477	9,003	129	38	91	2.32	3,615
2018.3/4	강북구	번3동	7,606	19,020	9,017	10,003	18,936	9,004	9,932	84	13	71	2.49	4,363
2018.3/4	강북구	수유1동	10,296	22,309	10,986	11,323	22,041	10,885	11,156	268	101	167	2.14	4,014
2018.3/4	강북구	수유2동	9,548	22,583	10,936	11,647	22,432	10,888	11,544	151	48	103	2.35	4,268
2018.3/4	강북구	수유3동	12,306	24,252	12,046	12,206	23,846	11,905	11,941	406	141	265	1.94	4,077
2018.3/4	강북구	삼양동	11,984	27,226	13,545	13,681	27,030	13,471	13,559	196	74	122	2.26	4,672
2018.3/4	강북구	미아동	11,188	23,260	11,194	12,066	22,737	10,985	11,752	523	209	314	2.03	4,017
2018.3/4	강북구	송중동	13,038	29,773	14,341	15,432	29,209	14,092	15,117	564	249	315	2.24	5,298
2018.3/4	강북구	송천동	13,773	29,632	14,785	14,847	29,143	14,560	14,583	489	225	264	2.12	5,573
2018.3/4	강북구	삼각산동	11,888	33,688	16,218	17,470	33,551	16,163	17,388	137	55	82	2.82	3,953
2018.3/4	강북구	우이동	9,461	21,854	10,653	11,201	21,723	10,598	11,125	131	55	76	2.3	4,294
2018.3/4	강북구	인수동	14,382	33,068	16,089	16,979	32,810	16,005	16,805	258	84	174	2.28	6,266
2018.3/4	도봉구	소계	137,901	342,990	167,726	175,264	340,876	166,926	173,950	2,114	800	1,314	2.47	55,499
2018.3/4	도봉구	쌍문1동	9,165	22,455	10,842	11,613	22,205	10,761	11,444	250	81	169	2.42	3,935
2018.3/4	도봉구	쌍문2동	8,695	20,622	10,008	10,614	20,476	9,928	10,548	146	80	66	2.35	3,428
2018.3/4	도봉구	쌍문3동	7,648	17,372	8,376	8,996	17,211	8,318	8,893	161	58	103	2.25	3,097
2018.3/4	도봉구	쌍문4동	7,180	20,179	9,639	10,540	20,129	9,623	10,506	50	16	34	2.8	2,566
2018.3/4	도봉구	방학1동	12,714	30,579	15,137	15,442	30,299	15,036	15,263	280	101	179	2.38	4,984
2018.3/4	도봉구	방학2동	9,564	21,797	10,995	10,802	21,609	10,923	10,686	188	72	116	2.26	3,835
2018.3/4	도봉구	방학3동	10,134	29,486	14,413	15,073	29,415	14,391	15,024	71	22	49	2.9	4,109
2018.3/4	도봉구	창1동	10,892	26,883	12,894	13,989	26,726	12,836	13,890	157	58	99	2.45	4,006
2018.3/4	도봉구	창2동	12,397	31,473	15,442	16,031	31,207	15,334	15,873	266	108	158	2.52	4,528
2018.3/4	도봉구	창3동	6,680	15,241	7,593	7,648	15,148	7,562	7,586	93	31	62	2.27	2,672
2018.3/4	도봉구	창4동	10,574	28,588	13,811	14,777	28,504	13,775	14,729	84	36	48	2.7	3,728
2018.3/4	도봉구	창5동	9,899	26,226	12,676	13,550	26,125	12,641	13,484	101	35	66	2.64	3,792
2018.3/4	도봉구	도봉1동	10,293	22,981	11,607	11,374	22,834	11,556	11,278	147	51	96	2.22	5,097
2018.3/4	도봉구	도봉2동	12,066	29,108	14,293	14,815	28,988	14,242	14,746	120	51	69	2.4	5,722
2018.3/4	노원구	소계	217,900	551,069	267,318	283,751	546,911	265,555	281,356	4,158	1,763	2,395	2.51	76,466
2018.3/4	노원구	월계1동	10,509	24,154	12,465	11,689	23,635	12,230	11,405	519	235	284	2.25	3,901
2018.3/4	노원구	월계2동	11,240	26,836	12,948	13,888	26,697	12,902	13,795	139	46	93	2.38	4,858
2018.3/4	노원구	월계3동	12,984	32,697	15,736	16,961	32,512	15,665	16,847	185	71	114	2.5	5,262
2018.3/4	노원구	공릉2동	16,168	41,641	20,428	21,213	41,170	20,189	20,981	471	239	232	2.55	4,586
2018.3/4	노원구	하계1동	12,461	30,235	14,697	15,538	29,712	14,441	15,271	523	256	267	2.38	3,854
2018.3/4	노원구	하계2동	8,347	23,981	11,480	12,501	23,926	11,454	12,472	55	26	29	2.87	2,841
2018.3/4	노원구	중계본동	9,243	26,955	13,230	13,725	26,871	13,197	13,674	84	33	51	2.91	2,520
2018.3/4	노원구	중계1동	9,138	28,474	13,907	14,567	28,392	13,875	14,517	82	32	50	3.11	2,180
2018.3/4	노원구	중계4동	8,463	21,866	10,639	11,227	21,785	10,612	11,173	81	27	54	2.57	3,572
2018.3/4	노원구	상계1동	15,649	41,190	20,088	21,102	41,023	20,027	20,996	167	61	106	2.62	6,063
2018.3/4	노원구	상계2동	8,766	21,719	10,721	10,998	21,554	10,658	10,896	165	63	102	2.46	2,973
2018.3/4	노원구	상계5동	11,104	26,410	12,883	13,527	26,257	12,832	13,425	153	51	102	2.36	4,625
2018.3/4	노원구	상계8동	9,303	24,631	11,889	12,742	24,582	11,880	12,702	49	9	40	2.64	2,495
2018.3/4	노원구	상계9동	8,510	22,524	10,817	11,707	22,433	10,793	11,640	91	24	67	2.64	2,887
2018.3/4	노원구	상계10동	6,652	17,071	7,906	9,165	17,007	7,876	9,131	64	30	34	2.56	1,988
2018.3/4	노원구	상계3.4동	11,811	26,942	13,415	13,527	26,799	13,370	13,429	143	45	98	2.27	5,442
2018.3/4	노원구	상계6.7동	14,073	35,649	16,649	19,000	35,495	16,589	18,906	154	60	94	2.52	4,280
2018.3/4	노원구	중계2.3동	15,495	38,090	17,802	20,288	37,934	17,745	20,189	156	57	99	2.45	6,612
2018.3/4	노원구	공릉1동	17,984	40,004	19,618	20,386	39,127	19,220	19,907	877	398	479	2.18	5,527
2018.3/4	은평구	소계	203,951	487,849	236,029	251,820	483,417	234,119	249,298	4,432	1,910	2,522	2.37	76,643
2018.3/4	은평구	녹번동	14,826	33,139	15,968	17,171	32,741	15,791	16,950	398	177	221	2.21	5,696
2018.3/4	은평구	불광1동	17,734	41,847	19,977	21,870	41,535	19,850	21,685	312	127	185	2.34	7,013
2018.3/4	은평구	갈현1동	11,164	25,361	12,412	12,949	25,062	12,256	12,806	299	156	143	2.24	4,074
2018.3/4	은평구	갈현2동	12,563	30,822	14,729	16,093	30,447	14,567	15,880	375	162	213	2.42	4,497
2018.3/4	은평구	구산동	12,777	33,947	16,979	16,968	33,720	16,878	16,842	227	101	126	2.64	5,484
2018.3/4	은평구	대조동	15,678	32,892	15,547	17,345	32,451	15,343	17,108	441	204	237	2.07	5,308
2018.3/4	은평구	응암1동	11,214	26,198	12,601	13,597	25,899	12,463	13,436	299	138	161	2.31	3,912
2018.3/4	은평구	응암2동	8,232	21,184	10,376	10,808	20,981	10,289	10,692	203	87	116	2.55	2,817
2018.3/4	은평구	신사1동	11,548	28,752	13,922	14,830	28,518	13,830	14,688	234	92	142	2.47	4,384
2018.3/4	은평구	신사2동	9,136	22,313	11,159	11,154	22,152	11,101	11,051	161	58	103	2.42	3,422
2018.3/4	은평구	증산동	6,908	16,510	8,174	8,336	16,391	8,119	8,272	119	55	64	2.37	2,879
2018.3/4	은평구	수색동	5,080	11,924	5,975	5,949	11,815	5,925	5,890	109	50	59	2.33	2,168
2018.3/4	은평구	진관동	20,187	56,349	26,727	29,622	56,115	26,628	29,487	234	99	135	2.78	6,996
2018.3/4	은평구	불광2동	13,652	30,011	14,611	15,400	29,720	14,485	15,235	291	126	165	2.18	5,286
2018.3/4	은평구	응암3동	12,418	26,423	12,958	13,465	26,090	12,832	13,258	333	126	207	2.1	5,144
2018.3/4	은평구	역촌동	20,834	50,177	23,914	26,263	49,780	23,762	26,018	397	152	245	2.39	7,563
2018.3/4	서대문구	소계	138,027	322,497	153,727	168,770	310,584	149,728	160,856	11,913	3,999	7,914	2.25	50,278
2018.3/4	서대문구	천연동	8,311	19,165	9,152	10,013	18,921	9,038	9,883	244	114	130	2.28	3,160
2018.3/4	서대문구	홍제1동	9,521	23,306	10,948	12,358	23,020	10,822	12,198	286	126	160	2.42	3,996
2018.3/4	서대문구	홍제3동	7,136	16,769	8,139	8,630	16,595	8,064	8,531	174	75	99	2.33	3,302
2018.3/4	서대문구	홍제2동	5,844	14,915	7,146	7,769	14,801	7,094	7,707	114	52	62	2.53	2,559
2018.3/4	서대문구	홍은1동	9,754	24,228	11,783	12,445	23,906	11,648	12,258	322	135	187	2.45	4,300
2018.3/4	서대문구	홍은2동	12,532	29,608	14,419	15,189	28,977	14,153	14,824	631	266	365	2.31	4,825
2018.3/4	서대문구	남가좌1동	6,088	17,261	8,293	8,968	16,862	8,128	8,734	399	165	234	2.77	2,080
2018.3/4	서대문구	남가좌2동	10,170	23,023	11,090	11,933	22,416	10,847	11,569	607	243	364	2.2	3,881
2018.3/4	서대문구	북가좌1동	7,005	19,488	9,455	10,033	19,333	9,392	9,941	155	63	92	2.76	2,785
2018.3/4	서대문구	북가좌2동	14,737	34,402	16,819	17,583	34,100	16,689	17,411	302	130	172	2.31	5,678
2018.3/4	서대문구	충현동	8,832	18,545	9,054	9,491	18,119	8,860	9,259	426	194	232	2.05	3,084
2018.3/4	서대문구	북아현동	7,564	17,820	8,462	9,358	17,425	8,301	9,124	395	161	234	2.3	2,252
2018.3/4	서대문구	신촌동	11,939	23,496	9,533	13,963	18,607	8,498	10,109	4,889	1,035	3,854	1.56	2,170
2018.3/4	서대문구	연희동	18,594	40,471	19,434	21,037	37,502	18,194	19,308	2,969	1,240	1,729	2.02	6,206
2018.3/4	마포구	소계	171,320	385,032	182,174	202,858	374,106	177,973	196,133	10,926	4,201	6,725	2.18	50,559
2018.3/4	마포구	용강동	9,154	22,700	10,883	11,817	22,153	10,586	11,567	547	297	250	2.42	2,709
2018.3/4	마포구	대흥동	7,185	13,824	6,375	7,449	11,866	5,802	6,064	1,958	573	1,385	1.65	1,882
2018.3/4	마포구	염리동	4,952	11,235	5,282	5,953	10,293	4,993	5,300	942	289	653	2.08	1,682
2018.3/4	마포구	신수동	9,207	21,832	10,611	11,221	21,363	10,444	10,919	469	167	302	2.32	2,972
2018.3/4	마포구	서교동	13,894	26,155	12,005	14,150	24,607	11,441	13,166	1,548	564	984	1.77	3,305
2018.3/4	마포구	합정동	9,561	19,529	9,066	10,463	19,168	8,919	10,249	361	147	214	2	2,548
2018.3/4	마포구	망원1동	10,329	21,681	10,299	11,382	21,310	10,144	11,166	371	155	216	2.06	3,188
2018.3/4	마포구	망원2동	8,245	19,797	9,470	10,327	19,608	9,396	10,212	189	74	115	2.38	2,793
2018.3/4	마포구	연남동	8,747	17,520	8,203	9,317	16,473	7,736	8,737	1,047	467	580	1.88	2,438
2018.3/4	마포구	성산1동	9,313	20,488	9,709	10,779	20,119	9,553	10,566	369	156	213	2.16	2,762
2018.3/4	마포구	성산2동	18,111	41,518	19,451	22,067	41,278	19,364	21,914	240	87	153	2.28	5,661
2018.3/4	마포구	상암동	12,756	33,562	16,099	17,463	32,982	15,842	17,140	580	257	323	2.59	3,602
2018.3/4	마포구	도화동	9,638	22,978	10,962	12,016	22,682	10,843	11,839	296	119	177	2.35	3,499
2018.3/4	마포구	서강동	11,494	25,782	12,200	13,582	25,030	11,966	13,064	752	234	518	2.18	2,900
2018.3/4	마포구	공덕동	18,478	40,668	19,385	21,283	39,908	19,009	20,899	760	376	384	2.16	5,767
2018.3/4	마포구	아현동	10,256	25,763	12,174	13,589	25,266	11,935	13,331	497	239	258	2.46	2,851
2018.3/4	양천구	소계	176,598	469,945	231,360	238,585	466,121	229,619	236,502	3,824	1,741	2,083	2.64	57,442
2018.3/4	양천구	목1동	10,519	32,527	15,651	16,876	32,378	15,566	16,812	149	85	64	3.08	2,735
2018.3/4	양천구	목2동	12,857	31,797	15,579	16,218	31,549	15,468	16,081	248	111	137	2.45	3,544
2018.3/4	양천구	목3동	9,714	23,052	11,114	11,938	22,865	11,030	11,835	187	84	103	2.35	2,879
2018.3/4	양천구	목4동	10,079	27,416	13,470	13,946	27,210	13,391	13,819	206	79	127	2.7	2,875
2018.3/4	양천구	신월1동	10,131	22,533	11,553	10,980	22,194	11,410	10,784	339	143	196	2.19	3,568
2018.3/4	양천구	신월2동	8,688	22,942	11,266	11,676	22,748	11,178	11,570	194	88	106	2.62	3,376
2018.3/4	양천구	신월3동	8,248	17,318	9,129	8,189	17,072	9,015	8,057	246	114	132	2.07	2,670
2018.3/4	양천구	신월4동	6,918	19,444	9,557	9,887	19,328	9,512	9,816	116	45	71	2.79	2,730
2018.3/4	양천구	신월5동	6,401	15,845	7,841	8,004	15,698	7,783	7,915	147	58	89	2.45	2,083
2018.3/4	양천구	신월6동	2,583	6,857	3,408	3,449	6,822	3,396	3,426	35	12	23	2.64	1,033
2018.3/4	양천구	신월7동	9,346	22,571	11,105	11,466	22,421	11,061	11,360	150	44	106	2.4	3,802
2018.3/4	양천구	신정1동	7,247	21,639	10,586	11,053	21,481	10,500	10,981	158	86	72	2.96	2,346
2018.3/4	양천구	신정2동	7,204	21,042	10,325	10,717	20,929	10,270	10,659	113	55	58	2.91	2,323
2018.3/4	양천구	신정3동	17,749	49,229	24,167	25,062	48,755	23,927	24,828	474	240	234	2.75	6,082
2018.3/4	양천구	신정6동	8,182	25,565	12,486	13,079	25,539	12,474	13,065	26	12	14	3.12	2,277
2018.3/4	양천구	신정7동	11,227	30,397	14,795	15,602	30,187	14,690	15,497	210	105	105	2.69	4,223
2018.3/4	양천구	목5동	13,559	43,413	21,453	21,960	43,364	21,436	21,928	49	17	32	3.2	3,709
2018.3/4	양천구	신정4동	15,946	36,358	17,875	18,483	35,581	17,512	18,069	777	363	414	2.23	5,187
2018.3/4	강서구	소계	257,558	605,068	294,128	310,940	598,416	290,908	307,508	6,652	3,220	3,432	2.32	78,814
2018.3/4	강서구	염창동	14,509	41,120	20,142	20,978	41,007	20,094	20,913	113	48	65	2.83	3,627
2018.3/4	강서구	등촌1동	11,667	23,444	11,084	12,360	23,236	11,000	12,236	208	84	124	1.99	2,529
2018.3/4	강서구	등촌2동	8,550	22,146	10,998	11,148	22,030	10,950	11,080	116	48	68	2.58	2,751
2018.3/4	강서구	등촌3동	14,727	33,502	16,033	17,469	33,314	15,960	17,354	188	73	115	2.26	5,646
2018.3/4	강서구	화곡본동	16,181	36,516	17,795	18,721	36,058	17,607	18,451	458	188	270	2.23	4,282
2018.3/4	강서구	화곡2동	8,262	20,114	9,782	10,332	19,800	9,638	10,162	314	144	170	2.4	2,529
2018.3/4	강서구	화곡3동	9,185	22,724	10,910	11,814	22,535	10,835	11,700	189	75	114	2.45	3,474
2018.3/4	강서구	화곡4동	9,769	22,829	11,228	11,601	22,460	11,063	11,397	369	165	204	2.3	3,332
2018.3/4	강서구	화곡6동	10,901	24,875	12,293	12,582	24,673	12,208	12,465	202	85	117	2.26	3,343
2018.3/4	강서구	화곡8동	11,574	26,991	13,079	13,912	26,462	12,830	13,632	529	249	280	2.29	3,891
2018.3/4	강서구	가양1동	18,134	33,549	15,933	17,616	33,205	15,735	17,470	344	198	146	1.83	2,559
2018.3/4	강서구	가양2동	8,119	16,013	7,614	8,399	15,919	7,586	8,333	94	28	66	1.96	3,432
2018.3/4	강서구	가양3동	7,830	16,537	7,820	8,717	16,417	7,775	8,642	120	45	75	2.1	3,112
2018.3/4	강서구	발산1동	13,372	38,896	18,562	20,334	38,710	18,494	20,216	186	68	118	2.89	4,073
2018.3/4	강서구	공항동	12,586	28,734	14,727	14,007	27,765	14,021	13,744	969	706	263	2.21	3,495
2018.3/4	강서구	방화1동	17,321	46,368	22,687	23,681	46,004	22,511	23,493	364	176	188	2.66	5,717
2018.3/4	강서구	방화2동	11,485	24,516	12,148	12,368	24,228	12,013	12,215	288	135	153	2.11	4,226
2018.3/4	강서구	방화3동	11,240	25,037	12,097	12,940	24,864	12,031	12,833	173	66	107	2.21	4,367
2018.3/4	강서구	화곡1동	25,624	54,744	26,919	27,825	53,595	26,409	27,186	1,149	510	639	2.09	7,334
2018.3/4	강서구	우장산동	16,522	46,413	22,277	24,136	46,134	22,148	23,986	279	129	150	2.79	5,095
2018.3/4	구로구	소계	172,121	439,234	220,323	218,911	406,144	201,362	204,782	33,090	18,961	14,129	2.36	61,293
2018.3/4	구로구	신도림동	13,351	37,652	18,445	19,207	37,311	18,249	19,062	341	196	145	2.79	4,088
2018.3/4	구로구	구로1동	7,851	22,052	10,906	11,146	21,618	10,674	10,944	434	232	202	2.75	2,103
2018.3/4	구로구	구로3동	13,554	27,268	13,851	13,417	25,298	12,772	12,526	1,970	1,079	891	1.87	3,103
2018.3/4	구로구	구로4동	10,619	27,253	13,901	13,352	21,774	10,747	11,027	5,479	3,154	2,325	2.05	4,165
2018.3/4	구로구	구로5동	14,331	34,160	16,840	17,320	30,476	14,758	15,718	3,684	2,082	1,602	2.13	4,162
2018.3/4	구로구	고척1동	9,515	24,685	12,362	12,323	24,237	12,122	12,115	448	240	208	2.55	3,737
2018.3/4	구로구	고척2동	11,711	29,734	14,862	14,872	29,093	14,535	14,558	641	327	314	2.48	4,420
2018.3/4	구로구	개봉2동	12,682	33,853	16,566	17,287	33,374	16,340	17,034	479	226	253	2.63	5,419
2018.3/4	구로구	개봉3동	8,762	22,219	10,912	11,307	21,742	10,672	11,070	477	240	237	2.48	3,464
2018.3/4	구로구	오류1동	10,482	22,656	11,163	11,493	21,995	10,836	11,159	661	327	334	2.1	3,478
2018.3/4	구로구	오류2동	16,637	44,809	21,858	22,951	44,053	21,468	22,585	756	390	366	2.65	6,480
2018.3/4	구로구	수궁동	9,841	25,660	12,795	12,865	25,312	12,608	12,704	348	187	161	2.57	3,744
2018.3/4	구로구	가리봉동	5,899	16,248	9,364	6,884	9,844	5,349	4,495	6,404	4,015	2,389	1.67	2,003
2018.3/4	구로구	구로2동	12,901	36,238	19,037	17,201	26,366	13,355	13,011	9,872	5,682	4,190	2.04	5,384
2018.3/4	구로구	개봉1동	13,985	34,747	17,461	17,286	33,651	16,877	16,774	1,096	584	512	2.41	5,543
2018.3/4	금천구	소계	106,774	252,359	129,482	122,877	232,760	118,311	114,449	19,599	11,171	8,428	2.18	35,299
2018.3/4	금천구	가산동	12,933	24,086	13,509	10,577	20,446	11,300	9,146	3,640	2,209	1,431	1.58	2,283
2018.3/4	금천구	독산1동	17,484	39,569	20,726	18,843	37,093	19,293	17,800	2,476	1,433	1,043	2.12	4,822
2018.3/4	금천구	독산2동	9,349	22,260	11,425	10,835	20,292	10,336	9,956	1,968	1,089	879	2.17	3,013
2018.3/4	금천구	독산3동	12,225	30,727	15,905	14,822	25,746	13,034	12,712	4,981	2,871	2,110	2.11	4,079
2018.3/4	금천구	독산4동	7,646	18,895	9,656	9,239	16,648	8,394	8,254	2,247	1,262	985	2.18	2,608
2018.3/4	금천구	시흥1동	15,345	37,144	18,761	18,383	34,662	17,360	17,302	2,482	1,401	1,081	2.26	5,400
2018.3/4	금천구	시흥2동	8,537	23,454	11,463	11,991	23,335	11,402	11,933	119	61	58	2.73	3,616
2018.3/4	금천구	시흥3동	4,723	11,809	5,922	5,887	11,647	5,847	5,800	162	75	87	2.47	2,065
2018.3/4	금천구	시흥4동	9,157	22,912	11,367	11,545	22,090	10,940	11,150	822	427	395	2.41	3,498
2018.3/4	금천구	시흥5동	9,375	21,503	10,748	10,755	20,801	10,405	10,396	702	343	359	2.22	3,915
2018.3/4	영등포구	소계	170,208	403,724	203,134	200,590	368,577	183,471	185,106	35,147	19,663	15,484	2.17	55,364
2018.3/4	영등포구	여의동	12,829	33,865	16,049	17,816	33,467	15,830	17,637	398	219	179	2.61	5,627
2018.3/4	영등포구	당산1동	10,254	21,437	10,557	10,880	20,917	10,319	10,598	520	238	282	2.04	3,024
2018.3/4	영등포구	당산2동	16,986	36,197	17,031	19,166	35,749	16,823	18,926	448	208	240	2.1	4,113
2018.3/4	영등포구	양평1동	8,525	17,861	8,912	8,949	17,528	8,750	8,778	333	162	171	2.06	2,338
2018.3/4	영등포구	양평2동	9,953	22,995	11,472	11,523	22,740	11,356	11,384	255	116	139	2.28	2,300
2018.3/4	영등포구	신길1동	9,618	19,682	10,066	9,616	17,524	8,864	8,660	2,158	1,202	956	1.82	3,141
2018.3/4	영등포구	신길3동	7,024	17,619	8,901	8,718	16,077	8,003	8,074	1,542	898	644	2.29	2,712
2018.3/4	영등포구	신길4동	4,351	10,539	5,379	5,160	9,437	4,743	4,694	1,102	636	466	2.17	1,750
2018.3/4	영등포구	신길5동	4,521	11,980	5,964	6,016	10,036	4,856	5,180	1,944	1,108	836	2.22	1,877
2018.3/4	영등포구	신길6동	8,292	19,924	9,964	9,960	18,566	9,202	9,364	1,358	762	596	2.24	2,980
2018.3/4	영등포구	신길7동	6,564	17,297	8,664	8,633	17,099	8,565	8,534	198	99	99	2.6	1,923
2018.3/4	영등포구	대림1동	6,452	17,035	8,838	8,197	13,488	6,782	6,706	3,547	2,056	1,491	2.09	2,666
2018.3/4	영등포구	대림2동	6,458	21,998	11,567	10,431	12,758	6,222	6,536	9,240	5,345	3,895	1.98	2,775
2018.3/4	영등포구	대림3동	10,647	29,586	15,220	14,366	24,679	12,479	12,200	4,907	2,741	2,166	2.32	3,923
2018.3/4	영등포구	영등포본동	10,140	25,522	13,116	12,406	22,494	11,435	11,059	3,028	1,681	1,347	2.22	3,695
2018.3/4	영등포구	영등포동	15,913	25,756	14,169	11,587	25,002	13,826	11,176	754	343	411	1.57	3,198
2018.3/4	영등포구	도림동	9,319	22,280	11,361	10,919	19,126	9,646	9,480	3,154	1,715	1,439	2.05	3,107
2018.3/4	영등포구	문래동	12,362	32,151	15,904	16,247	31,890	15,770	16,120	261	134	127	2.58	4,215
2018.3/4	동작구	소계	175,873	407,925	198,184	209,741	395,513	192,523	202,990	12,412	5,661	6,751	2.25	58,803
2018.3/4	동작구	노량진2동	7,215	14,492	7,447	7,045	13,411	6,890	6,521	1,081	557	524	1.86	2,524
2018.3/4	동작구	상도1동	21,073	48,378	23,510	24,868	46,461	22,731	23,730	1,917	779	1,138	2.2	6,284
2018.3/4	동작구	상도2동	11,851	27,471	13,219	14,252	27,051	13,050	14,001	420	169	251	2.28	3,897
2018.3/4	동작구	상도3동	11,579	26,252	12,600	13,652	25,825	12,400	13,425	427	200	227	2.23	3,964
2018.3/4	동작구	상도4동	13,074	30,242	14,915	15,327	29,828	14,730	15,098	414	185	229	2.28	4,486
2018.3/4	동작구	사당1동	12,546	24,038	11,546	12,492	23,355	11,213	12,142	683	333	350	1.86	3,320
2018.3/4	동작구	사당3동	10,599	26,512	12,916	13,596	26,191	12,769	13,422	321	147	174	2.47	4,031
2018.3/4	동작구	사당4동	6,836	15,087	7,260	7,827	14,872	7,161	7,711	215	99	116	2.18	2,325
2018.3/4	동작구	사당5동	5,682	13,174	6,426	6,748	13,038	6,373	6,665	136	53	83	2.29	1,897
2018.3/4	동작구	대방동	16,879	40,616	19,413	21,203	40,170	19,192	20,978	446	221	225	2.38	5,108
2018.3/4	동작구	신대방1동	9,926	27,378	13,416	13,962	24,449	11,827	12,622	2,929	1,589	1,340	2.46	3,346
2018.3/4	동작구	신대방2동	9,064	21,029	10,164	10,865	20,694	10,015	10,679	335	149	186	2.28	2,801
2018.3/4	동작구	흑석동	12,861	31,628	15,158	16,470	29,374	14,370	15,004	2,254	788	1,466	2.28	4,958
2018.3/4	동작구	노량진1동	14,762	32,794	16,272	16,522	32,462	16,119	16,343	332	153	179	2.2	5,160
2018.3/4	동작구	사당2동	11,926	28,834	13,922	14,912	28,332	13,683	14,649	502	239	263	2.38	4,702
2018.3/4	관악구	소계	261,401	521,685	261,905	259,780	503,956	253,377	250,579	17,729	8,528	9,201	1.93	71,840
2018.3/4	관악구	보라매동	11,996	26,541	13,030	13,511	25,416	12,477	12,939	1,125	553	572	2.12	3,992
2018.3/4	관악구	청림동	6,618	16,643	8,192	8,451	16,500	8,125	8,375	143	67	76	2.49	2,566
2018.3/4	관악구	행운동	16,732	30,458	14,808	15,650	29,918	14,590	15,328	540	218	322	1.79	3,989
2018.3/4	관악구	낙성대동	10,547	17,969	8,886	9,083	17,155	8,525	8,630	814	361	453	1.63	1,905
2018.3/4	관악구	중앙동	8,941	15,759	7,540	8,219	15,331	7,349	7,982	428	191	237	1.71	2,248
2018.3/4	관악구	인헌동	13,894	27,453	13,416	14,037	27,076	13,253	13,823	377	163	214	1.95	3,559
2018.3/4	관악구	남현동	9,162	19,114	9,162	9,952	18,906	9,062	9,844	208	100	108	2.06	2,465
2018.3/4	관악구	서원동	13,170	23,870	12,175	11,695	23,030	11,800	11,230	840	375	465	1.75	2,995
2018.3/4	관악구	신원동	10,218	20,056	10,064	9,992	18,743	9,367	9,376	1,313	697	616	1.83	2,991
2018.3/4	관악구	서림동	14,199	24,979	13,729	11,250	24,373	13,502	10,871	606	227	379	1.72	3,166
2018.3/4	관악구	신사동	12,820	26,343	13,283	13,060	23,076	11,586	11,490	3,267	1,697	1,570	1.8	3,204
2018.3/4	관악구	신림동	15,945	22,163	11,148	11,015	21,258	10,733	10,525	905	415	490	1.33	1,836
2018.3/4	관악구	난향동	6,476	16,773	8,340	8,433	16,653	8,277	8,376	120	63	57	2.57	2,504
2018.3/4	관악구	조원동	10,055	19,959	10,223	9,736	17,773	9,011	8,762	2,186	1,212	974	1.77	2,519
2018.3/4	관악구	대학동	15,637	24,856	14,771	10,085	23,869	14,376	9,493	987	395	592	1.53	2,575
2018.3/4	관악구	은천동	15,532	35,958	17,778	18,180	35,236	17,443	17,793	722	335	387	2.27	5,273
2018.3/4	관악구	성현동	13,033	33,275	16,171	17,104	33,055	16,078	16,977	220	93	127	2.54	5,233
2018.3/4	관악구	청룡동	17,995	30,031	14,512	15,519	28,606	13,871	14,735	1,425	641	784	1.59	3,636
2018.3/4	관악구	난곡동	12,795	29,679	14,968	14,711	29,080	14,676	14,404	599	292	307	2.27	4,820
2018.3/4	관악구	삼성동	11,550	26,359	13,242	13,117	26,172	13,171	13,001	187	71	116	2.27	5,347
2018.3/4	관악구	미성동	14,086	33,447	16,467	16,980	32,730	16,105	16,625	717	362	355	2.32	5,017
2018.3/4	서초구	소계	173,912	441,539	211,513	230,026	437,407	209,418	227,989	4,132	2,095	2,037	2.52	54,887
2018.3/4	서초구	서초1동	9,258	21,603	10,478	11,125	21,356	10,349	11,007	247	129	118	2.31	2,691
2018.3/4	서초구	서초2동	7,818	18,108	8,667	9,441	17,785	8,474	9,311	323	193	130	2.27	1,980
2018.3/4	서초구	서초3동	12,979	30,749	15,085	15,664	30,449	14,947	15,502	300	138	162	2.35	4,223
2018.3/4	서초구	서초4동	10,924	31,897	15,439	16,458	31,641	15,283	16,358	256	156	100	2.9	3,710
2018.3/4	서초구	잠원동	13,932	34,861	16,559	18,302	34,640	16,459	18,181	221	100	121	2.49	3,607
2018.3/4	서초구	반포본동	4,231	12,611	5,979	6,632	12,567	5,955	6,612	44	24	20	2.97	1,825
2018.3/4	서초구	반포1동	13,027	29,063	13,951	15,112	28,727	13,800	14,927	336	151	185	2.21	2,731
2018.3/4	서초구	반포2동	6,791	21,070	10,078	10,992	20,912	10,000	10,912	158	78	80	3.08	2,390
2018.3/4	서초구	반포3동	7,096	20,448	9,724	10,724	20,397	9,693	10,704	51	31	20	2.87	2,340
2018.3/4	서초구	반포4동	7,377	20,460	9,708	10,752	19,904	9,404	10,500	556	304	252	2.7	2,493
2018.3/4	서초구	방배본동	7,899	21,638	10,053	11,585	21,445	9,957	11,488	193	96	97	2.71	2,741
2018.3/4	서초구	방배1동	7,528	17,541	8,234	9,307	17,433	8,184	9,249	108	50	58	2.32	2,516
2018.3/4	서초구	방배2동	10,167	24,538	11,666	12,872	24,367	11,583	12,784	171	83	88	2.4	3,756
2018.3/4	서초구	방배3동	8,361	22,177	10,675	11,502	22,044	10,613	11,431	133	62	71	2.64	3,366
2018.3/4	서초구	방배4동	9,912	24,963	11,492	13,471	24,633	11,338	13,295	330	154	176	2.49	3,200
2018.3/4	서초구	양재1동	18,355	46,957	22,497	24,460	46,586	22,311	24,275	371	186	185	2.54	5,901
2018.3/4	서초구	양재2동	11,045	24,056	12,072	11,984	23,794	11,941	11,853	262	131	131	2.15	2,609
2018.3/4	서초구	내곡동	7,212	18,799	9,156	9,643	18,727	9,127	9,600	72	29	43	2.6	2,808
2018.3/4	강남구	소계	228,883	549,255	263,137	286,118	544,257	260,599	283,658	4,998	2,538	2,460	2.38	66,412
2018.3/4	강남구	신사동	7,536	17,854	8,323	9,531	17,610	8,192	9,418	244	131	113	2.34	2,796
2018.3/4	강남구	논현1동	14,098	24,054	11,119	12,935	23,465	10,859	12,606	589	260	329	1.66	2,697
2018.3/4	강남구	논현2동	11,221	22,249	10,464	11,785	21,957	10,324	11,633	292	140	152	1.96	2,881
2018.3/4	강남구	삼성1동	5,877	15,243	7,650	7,593	14,875	7,416	7,459	368	234	134	2.53	1,975
2018.3/4	강남구	삼성2동	13,173	30,340	14,480	15,860	30,095	14,333	15,762	245	147	98	2.28	3,097
2018.3/4	강남구	대치1동	7,449	25,566	12,810	12,756	25,505	12,776	12,729	61	34	27	3.42	2,177
2018.3/4	강남구	대치4동	10,224	21,373	10,132	11,241	21,079	9,984	11,095	294	148	146	2.06	1,846
2018.3/4	강남구	역삼1동	23,095	36,806	17,765	19,041	35,862	17,299	18,563	944	466	478	1.55	3,354
2018.3/4	강남구	역삼2동	14,910	36,710	17,375	19,335	36,377	17,172	19,205	333	203	130	2.44	3,334
2018.3/4	강남구	도곡1동	8,522	22,844	10,776	12,068	22,685	10,695	11,990	159	81	78	2.66	2,604
2018.3/4	강남구	도곡2동	11,984	34,716	16,130	18,586	34,603	16,062	18,541	113	68	45	2.89	4,124
2018.3/4	강남구	개포1동	3,810	9,609	4,674	4,935	9,578	4,660	4,918	31	14	17	2.51	1,739
2018.3/4	강남구	개포4동	7,886	18,936	9,283	9,653	18,784	9,213	9,571	152	70	82	2.38	2,078
2018.3/4	강남구	일원본동	8,326	24,924	12,240	12,684	24,895	12,230	12,665	29	10	19	2.99	2,463
2018.3/4	강남구	일원1동	7,591	17,171	8,409	8,762	16,974	8,342	8,632	197	67	130	2.24	2,831
2018.3/4	강남구	일원2동	6,485	15,999	7,602	8,397	15,933	7,570	8,363	66	32	34	2.46	2,562
2018.3/4	강남구	수서동	7,857	16,621	7,614	9,007	16,537	7,584	8,953	84	30	54	2.1	3,795
2018.3/4	강남구	세곡동	17,442	45,280	21,613	23,667	45,081	21,525	23,556	199	88	111	2.58	5,630
2018.3/4	강남구	압구정동	10,734	28,131	12,976	15,155	27,990	12,909	15,081	141	67	74	2.61	4,641
2018.3/4	강남구	청담동	12,229	30,067	14,163	15,904	29,814	14,024	15,790	253	139	114	2.44	3,825
2018.3/4	강남구	대치2동	13,540	40,912	20,801	20,111	40,734	20,701	20,033	178	100	78	3.01	4,227
2018.3/4	강남구	개포2동	4,894	13,850	6,738	7,112	13,824	6,729	7,095	26	9	17	2.82	1,736
2018.3/4	송파구	소계	269,558	673,582	327,054	346,528	666,892	323,832	343,060	6,690	3,222	3,468	2.47	80,220
2018.3/4	송파구	풍납1동	6,861	16,514	8,187	8,327	15,603	7,730	7,873	911	457	454	2.27	2,637
2018.3/4	송파구	풍납2동	10,405	25,200	12,077	13,123	25,008	11,992	13,016	192	85	107	2.4	3,062
2018.3/4	송파구	거여1동	5,341	13,386	6,808	6,578	13,278	6,766	6,512	108	42	66	2.49	1,993
2018.3/4	송파구	거여2동	7,202	17,401	8,609	8,792	17,328	8,577	8,751	73	32	41	2.41	2,824
2018.3/4	송파구	마천1동	9,225	21,510	10,948	10,562	21,313	10,876	10,437	197	72	125	2.31	3,776
2018.3/4	송파구	마천2동	8,595	20,581	10,440	10,141	20,388	10,364	10,024	193	76	117	2.37	3,579
2018.3/4	송파구	방이1동	6,172	16,666	8,120	8,546	16,526	8,038	8,488	140	82	58	2.68	1,857
2018.3/4	송파구	방이2동	12,619	25,504	12,306	13,198	25,050	12,110	12,940	454	196	258	1.99	2,952
2018.3/4	송파구	오륜동	6,018	19,266	9,423	9,843	19,250	9,415	9,835	16	8	8	3.2	2,224
2018.3/4	송파구	오금동	15,444	40,905	20,044	20,861	40,647	19,921	20,726	258	123	135	2.63	5,251
2018.3/4	송파구	송파1동	12,276	26,533	12,628	13,905	26,106	12,407	13,699	427	221	206	2.13	3,042
2018.3/4	송파구	송파2동	7,299	21,292	10,331	10,961	21,093	10,225	10,868	199	106	93	2.89	2,528
2018.3/4	송파구	석촌동	16,535	34,727	16,812	17,915	33,963	16,435	17,528	764	377	387	2.05	3,955
2018.3/4	송파구	삼전동	16,280	33,426	15,946	17,480	33,023	15,775	17,248	403	171	232	2.03	3,447
2018.3/4	송파구	가락본동	11,719	28,350	14,108	14,242	27,993	13,923	14,070	357	185	172	2.39	3,125
2018.3/4	송파구	가락1동	353	888	437	451	876	429	447	12	8	4	2.48	118
2018.3/4	송파구	가락2동	12,264	34,543	16,934	17,609	34,340	16,842	17,498	203	92	111	2.8	3,554
2018.3/4	송파구	문정1동	8,527	21,750	10,784	10,966	21,526	10,678	10,848	224	106	118	2.52	2,493
2018.3/4	송파구	문정2동	15,219	30,104	14,145	15,959	29,973	14,088	15,885	131	57	74	1.97	3,303
2018.3/4	송파구	장지동	13,377	34,852	16,920	17,932	34,669	16,838	17,831	183	82	101	2.59	3,973
2018.3/4	송파구	위례동	9,094	28,791	14,000	14,791	28,738	13,982	14,756	53	18	35	3.16	1,830
2018.3/4	송파구	잠실본동	14,494	29,758	14,155	15,603	29,114	13,826	15,288	644	329	315	2.01	3,278
2018.3/4	송파구	잠실4동	10,413	30,203	14,580	15,623	30,108	14,534	15,574	95	46	49	2.89	3,435
2018.3/4	송파구	잠실6동	5,912	17,469	8,345	9,124	17,330	8,268	9,062	139	77	62	2.93	2,338
2018.3/4	송파구	잠실7동	3,482	10,405	4,851	5,554	10,391	4,845	5,546	14	6	8	2.98	1,895
2018.3/4	송파구	잠실2동	12,048	37,010	17,637	19,373	36,891	17,570	19,321	119	67	52	3.06	3,027
2018.3/4	송파구	잠실3동	12,384	36,548	17,479	19,069	36,367	17,378	18,989	181	101	80	2.94	4,724
2018.3/4	강동구	소계	177,591	434,992	215,558	219,434	430,705	213,528	217,177	4,287	2,030	2,257	2.43	58,280
2018.3/4	강동구	강일동	11,156	32,932	15,995	16,937	32,786	15,924	16,862	146	71	75	2.94	4,244
2018.3/4	강동구	상일동	4,207	11,208	5,621	5,587	11,128	5,582	5,546	80	39	41	2.65	1,468
2018.3/4	강동구	명일1동	8,173	22,496	11,031	11,465	22,421	11,009	11,412	75	22	53	2.74	2,866
2018.3/4	강동구	명일2동	5,901	18,044	8,960	9,084	18,009	8,950	9,059	35	10	25	3.05	2,027
2018.3/4	강동구	고덕1동	9,133	27,524	13,949	13,575	27,436	13,911	13,525	88	38	50	3	2,449
2018.3/4	강동구	고덕2동	3,504	7,874	4,221	3,653	7,674	4,069	3,605	200	152	48	2.19	1,387
2018.3/4	강동구	암사2동	5,875	14,743	7,187	7,556	14,692	7,165	7,527	51	22	29	2.5	1,936
2018.3/4	강동구	암사3동	6,347	18,962	9,306	9,656	18,917	9,284	9,633	45	22	23	2.98	2,175
2018.3/4	강동구	천호1동	12,934	29,415	14,516	14,899	29,110	14,395	14,715	305	121	184	2.25	4,513
2018.3/4	강동구	천호3동	13,537	28,601	14,233	14,368	28,051	13,968	14,083	550	265	285	2.07	4,203
2018.3/4	강동구	성내1동	8,169	21,031	10,200	10,831	20,907	10,140	10,767	124	60	64	2.56	2,689
2018.3/4	강동구	성내2동	12,436	25,920	12,906	13,014	25,181	12,541	12,640	739	365	374	2.02	3,804
2018.3/4	강동구	성내3동	10,218	24,317	12,082	12,235	24,084	11,978	12,106	233	104	129	2.36	3,193
2018.3/4	강동구	둔촌1동	192	341	164	177	317	149	168	24	15	9	1.65	100
2018.3/4	강동구	둔촌2동	11,162	28,516	14,122	14,394	28,371	14,055	14,316	145	67	78	2.54	3,722
2018.3/4	강동구	암사1동	16,298	37,879	18,846	19,033	37,557	18,726	18,831	322	120	202	2.3	5,294
2018.3/4	강동구	천호2동	17,623	36,640	18,404	18,236	35,873	18,009	17,864	767	395	372	2.04	5,521
2018.3/4	강동구	길동	20,726	48,549	23,815	24,734	48,191	23,673	24,518	358	142	216	2.33	6,689