기간	자치구	행정동	세대	인구	인구	인구	인구	인구	인구	인구	인구	인구	세대당인구	65세이상고령자
기간	자치구	행정동	세대	합계	합계	합계	한국인	한국인	한국인	외국인	외국인	외국인	세대당인구	65세이상고령자
기간	자치구	행정동	세대	계	남자	여자	계	남자	여자	계	남자	여자	세대당인구	65세이상고령자
2019.1/4	합계	합계	4,290,922	10,054,979	4,909,387	5,145,592	9,770,216	4,772,134	4,998,082	284,763	137,253	147,510	2.28	1,436,125
2019.1/4	종로구	소계	73,914	162,913	78,963	83,950	152,778	74,536	78,242	10,135	4,427	5,708	2.07	26,981
2019.1/4	종로구	사직동	4,552	9,782	4,432	5,350	9,504	4,270	5,234	278	162	116	2.09	1,770
2019.1/4	종로구	삼청동	1,400	3,045	1,445	1,600	2,804	1,322	1,482	241	123	118	2	636
2019.1/4	종로구	부암동	4,295	10,523	5,012	5,511	10,111	4,832	5,279	412	180	232	2.35	1,752
2019.1/4	종로구	평창동	7,552	19,002	8,909	10,093	18,844	8,834	10,010	158	75	83	2.5	3,186
2019.1/4	종로구	무악동	3,111	8,585	4,023	4,562	8,542	4,008	4,534	43	15	28	2.75	1,335
2019.1/4	종로구	교남동	4,584	10,848	5,039	5,809	10,702	4,973	5,729	146	66	80	2.33	1,510
2019.1/4	종로구	가회동	2,061	4,512	2,114	2,398	4,400	2,051	2,349	112	63	49	2.13	906
2019.1/4	종로구	종로1.2.3.4가동	5,269	8,518	4,973	3,545	7,361	4,374	2,987	1,157	599	558	1.4	1,895
2019.1/4	종로구	종로5·6가동	3,182	5,681	3,123	2,558	5,230	2,865	2,365	451	258	193	1.64	1,108
2019.1/4	종로구	이화동	4,487	8,576	4,004	4,572	8,025	3,809	4,216	551	195	356	1.79	1,343
2019.1/4	종로구	창신1동	2,970	6,200	3,327	2,873	5,334	2,884	2,450	866	443	423	1.8	1,186
2019.1/4	종로구	창신2동	4,163	9,954	5,034	4,920	8,722	4,450	4,272	1,232	584	648	2.1	1,690
2019.1/4	종로구	창신3동	2,891	7,412	3,655	3,757	7,234	3,562	3,672	178	93	85	2.5	1,159
2019.1/4	종로구	숭인1동	2,991	6,658	3,271	3,387	6,321	3,119	3,202	337	152	185	2.11	1,157
2019.1/4	종로구	숭인2동	5,744	10,070	5,074	4,996	9,597	4,899	4,698	473	175	298	1.67	1,607
2019.1/4	종로구	청운효자동	5,405	13,225	6,214	7,011	12,979	6,069	6,910	246	145	101	2.4	2,188
2019.1/4	종로구	혜화동	9,257	20,322	9,314	11,008	17,068	8,215	8,853	3,254	1,099	2,155	1.84	2,553
2019.1/4	중구	소계	61,800	135,836	66,720	69,116	125,942	61,992	63,950	9,894	4,728	5,166	2.04	22,421
2019.1/4	중구	소공동	1,107	2,994	1,530	1,464	2,069	1,004	1,065	925	526	399	1.87	276
2019.1/4	중구	회현동	3,263	5,973	3,263	2,710	5,363	2,931	2,432	610	332	278	1.64	1,414
2019.1/4	중구	명동	1,400	3,412	1,507	1,905	2,794	1,172	1,622	618	335	283	2	709
2019.1/4	중구	필동	2,318	5,022	2,540	2,482	4,053	2,114	1,939	969	426	543	1.75	806
2019.1/4	중구	장충동	2,678	5,628	2,765	2,863	4,730	2,407	2,323	898	358	540	1.77	792
2019.1/4	중구	광희동	2,919	6,148	3,219	2,929	4,939	2,623	2,316	1,209	596	613	1.69	1,145
2019.1/4	중구	을지로동	1,292	1,932	1,175	757	1,756	1,081	675	176	94	82	1.36	458
2019.1/4	중구	신당5동	4,526	9,710	4,822	4,888	9,377	4,672	4,705	333	150	183	2.07	1,542
2019.1/4	중구	황학동	6,649	13,547	6,564	6,983	12,544	6,104	6,440	1,003	460	543	1.89	1,841
2019.1/4	중구	중림동	5,853	13,079	6,548	6,531	12,762	6,376	6,386	317	172	145	2.18	1,950
2019.1/4	중구	신당동	4,423	9,395	4,621	4,774	7,673	3,845	3,828	1,722	776	946	1.73	1,328
2019.1/4	중구	다산동	6,947	15,135	7,316	7,819	14,608	7,101	7,507	527	215	312	2.1	2,474
2019.1/4	중구	약수동	7,794	17,904	8,440	9,464	17,693	8,331	9,362	211	109	102	2.27	3,456
2019.1/4	중구	청구동	6,433	14,743	7,013	7,730	14,543	6,915	7,628	200	98	102	2.26	2,521
2019.1/4	중구	동화동	4,198	11,214	5,397	5,817	11,038	5,316	5,722	176	81	95	2.63	1,709
2019.1/4	용산구	소계	109,413	245,139	119,597	125,542	229,168	110,626	118,542	15,971	8,971	7,000	2.09	38,049
2019.1/4	용산구	후암동	8,560	18,694	9,118	9,576	18,146	8,822	9,324	548	296	252	2.12	2,972
2019.1/4	용산구	용산2가동	5,506	12,000	5,868	6,132	10,646	5,143	5,503	1,354	725	629	1.93	2,053
2019.1/4	용산구	남영동	5,436	8,508	5,140	3,368	7,846	4,814	3,032	662	326	336	1.44	1,567
2019.1/4	용산구	원효로2동	6,029	14,976	7,021	7,955	14,822	6,962	7,860	154	59	95	2.46	2,312
2019.1/4	용산구	효창동	3,750	9,078	4,316	4,762	8,967	4,266	4,701	111	50	61	2.39	1,300
2019.1/4	용산구	용문동	5,376	12,744	6,096	6,648	12,610	6,035	6,575	134	61	73	2.35	1,991
2019.1/4	용산구	이촌1동	10,253	29,284	13,737	15,547	28,306	13,217	15,089	978	520	458	2.76	4,355
2019.1/4	용산구	이촌2동	3,857	9,055	4,251	4,804	8,949	4,205	4,744	106	46	60	2.32	1,702
2019.1/4	용산구	이태원1동	3,834	9,166	4,822	4,344	7,029	3,329	3,700	2,137	1,493	644	1.83	1,530
2019.1/4	용산구	이태원2동	4,946	10,898	5,132	5,766	9,428	4,360	5,068	1,470	772	698	1.91	1,867
2019.1/4	용산구	서빙고동	5,310	14,282	6,930	7,352	13,499	6,525	6,974	783	405	378	2.54	2,053
2019.1/4	용산구	보광동	7,742	16,141	8,128	8,013	14,817	7,264	7,553	1,324	864	460	1.91	2,696
2019.1/4	용산구	청파동	10,637	20,956	9,841	11,115	20,053	9,547	10,506	903	294	609	1.89	3,254
2019.1/4	용산구	원효로1동	7,530	16,266	7,887	8,379	15,636	7,559	8,077	630	328	302	2.08	1,869
2019.1/4	용산구	한강로동	9,593	19,354	9,441	9,913	17,824	8,619	9,205	1,530	822	708	1.86	2,996
2019.1/4	용산구	한남동	11,054	23,737	11,869	11,868	20,590	9,959	10,631	3,147	1,910	1,237	1.86	3,532
2019.1/4	성동구	소계	137,247	314,608	154,011	160,597	306,404	150,287	156,117	8,204	3,724	4,480	2.23	43,076
2019.1/4	성동구	왕십리2동	7,695	18,110	8,805	9,305	17,734	8,639	9,095	376	166	210	2.3	2,440
2019.1/4	성동구	마장동	10,805	24,175	11,864	12,311	23,501	11,600	11,901	674	264	410	2.18	3,538
2019.1/4	성동구	사근동	7,428	13,658	6,768	6,890	11,790	6,072	5,718	1,868	696	1,172	1.59	1,424
2019.1/4	성동구	행당1동	7,358	16,767	8,151	8,616	16,282	7,931	8,351	485	220	265	2.21	2,279
2019.1/4	성동구	행당2동	9,499	24,924	11,717	13,207	24,830	11,677	13,153	94	40	54	2.61	3,439
2019.1/4	성동구	응봉동	6,174	16,284	7,712	8,572	16,223	7,690	8,533	61	22	39	2.63	2,377
2019.1/4	성동구	금호1가동	6,632	16,132	7,717	8,415	16,033	7,670	8,363	99	47	52	2.42	2,329
2019.1/4	성동구	금호4가동	6,518	15,376	7,370	8,006	15,223	7,300	7,923	153	70	83	2.34	2,136
2019.1/4	성동구	성수1가1동	7,640	17,488	8,789	8,699	17,177	8,608	8,569	311	181	130	2.25	2,008
2019.1/4	성동구	성수1가2동	7,134	15,588	7,772	7,816	15,139	7,542	7,597	449	230	219	2.12	1,991
2019.1/4	성동구	성수2가1동	8,607	18,252	9,476	8,776	17,513	9,120	8,393	739	356	383	2.03	2,670
2019.1/4	성동구	성수2가3동	5,715	11,902	6,156	5,746	11,543	5,943	5,600	359	213	146	2.02	1,720
2019.1/4	성동구	송정동	5,586	11,715	6,216	5,499	11,216	5,969	5,247	499	247	252	2.01	1,642
2019.1/4	성동구	용답동	7,440	14,737	7,788	6,949	13,698	7,292	6,406	1,039	496	543	1.84	2,291
2019.1/4	성동구	왕십리도선동	11,754	27,886	13,298	14,588	27,377	13,072	14,305	509	226	283	2.33	3,391
2019.1/4	성동구	금호2.3가동	10,336	24,361	11,617	12,744	24,157	11,527	12,630	204	90	114	2.34	3,696
2019.1/4	성동구	옥수동	10,926	27,253	12,795	14,458	26,968	12,635	14,333	285	160	125	2.47	3,705
2019.1/4	광진구	소계	163,460	370,658	179,162	191,496	354,873	172,361	182,512	15,785	6,801	8,984	2.17	46,288
2019.1/4	광진구	화양동	15,772	25,278	11,622	13,656	21,794	10,453	11,341	3,484	1,169	2,315	1.38	2,193
2019.1/4	광진구	군자동	10,453	22,113	10,863	11,250	19,932	9,850	10,082	2,181	1,013	1,168	1.91	2,768
2019.1/4	광진구	중곡1동	7,988	16,506	8,106	8,400	16,057	7,908	8,149	449	198	251	2.01	2,273
2019.1/4	광진구	중곡2동	10,315	22,687	10,916	11,771	22,327	10,752	11,575	360	164	196	2.16	2,930
2019.1/4	광진구	중곡3동	8,502	17,776	8,801	8,975	17,538	8,717	8,821	238	84	154	2.06	2,563
2019.1/4	광진구	중곡4동	13,156	30,856	15,193	15,663	30,466	15,029	15,437	390	164	226	2.32	4,485
2019.1/4	광진구	능동	6,184	11,882	5,504	6,378	11,531	5,337	6,194	351	167	184	1.86	1,483
2019.1/4	광진구	구의1동	11,683	23,274	11,109	12,165	22,521	10,752	11,769	753	357	396	1.93	2,921
2019.1/4	광진구	구의2동	11,533	28,093	13,581	14,512	27,660	13,392	14,268	433	189	244	2.4	3,901
2019.1/4	광진구	구의3동	12,194	30,418	14,496	15,922	30,091	14,350	15,741	327	146	181	2.47	3,579
2019.1/4	광진구	광장동	12,002	36,197	17,544	18,653	36,036	17,476	18,560	161	68	93	3	3,413
2019.1/4	광진구	자양1동	11,427	24,416	11,764	12,652	23,226	11,221	12,005	1,190	543	647	2.03	3,120
2019.1/4	광진구	자양2동	11,272	27,389	13,447	13,942	26,966	13,253	13,713	423	194	229	2.39	3,541
2019.1/4	광진구	자양3동	11,066	29,887	14,387	15,500	29,580	14,254	15,326	307	133	174	2.67	3,623
2019.1/4	광진구	자양4동	9,913	23,886	11,829	12,057	19,148	9,617	9,531	4,738	2,212	2,526	1.93	3,495
2019.1/4	동대문구	소계	162,228	363,262	179,100	184,162	346,750	172,784	173,966	16,512	6,316	10,196	2.14	57,570
2019.1/4	동대문구	회기동	5,959	13,031	5,870	7,161	10,332	4,924	5,408	2,699	946	1,753	1.73	1,465
2019.1/4	동대문구	휘경1동	6,795	14,509	7,062	7,447	12,770	6,403	6,367	1,739	659	1,080	1.88	2,201
2019.1/4	동대문구	휘경2동	11,412	25,271	12,417	12,854	24,643	12,195	12,448	628	222	406	2.16	3,591
2019.1/4	동대문구	청량리동	10,533	22,398	11,214	11,184	21,728	10,895	10,833	670	319	351	2.06	5,087
2019.1/4	동대문구	용신동	16,743	31,995	16,363	15,632	30,509	15,697	14,812	1,486	666	820	1.82	5,370
2019.1/4	동대문구	제기동	12,984	27,725	13,875	13,850	25,199	12,909	12,290	2,526	966	1,560	1.94	5,320
2019.1/4	동대문구	전농1동	14,875	31,173	15,697	15,476	30,650	15,471	15,179	523	226	297	2.06	5,244
2019.1/4	동대문구	전농2동	7,752	20,337	9,719	10,618	19,867	9,556	10,311	470	163	307	2.56	3,362
2019.1/4	동대문구	답십리1동	12,418	29,604	14,420	15,184	29,149	14,212	14,937	455	208	247	2.35	3,739
2019.1/4	동대문구	답십리2동	12,624	30,313	14,864	15,449	29,985	14,725	15,260	328	139	189	2.38	5,073
2019.1/4	동대문구	장안1동	17,289	39,190	19,588	19,602	38,560	19,316	19,244	630	272	358	2.23	5,633
2019.1/4	동대문구	장안2동	12,906	31,585	15,781	15,804	31,291	15,667	15,624	294	114	180	2.42	4,378
2019.1/4	동대문구	이문1동	11,365	24,388	11,647	12,741	20,849	10,459	10,390	3,539	1,188	2,351	1.83	3,527
2019.1/4	동대문구	이문2동	8,573	21,743	10,583	11,160	21,218	10,355	10,863	525	228	297	2.47	3,580
2019.1/4	중랑구	소계	181,182	407,211	201,808	205,403	402,203	199,730	202,473	5,008	2,078	2,930	2.22	62,789
2019.1/4	중랑구	면목2동	12,214	26,426	13,205	13,221	26,061	13,071	12,990	365	134	231	2.13	4,042
2019.1/4	중랑구	면목4동	9,429	20,614	10,233	10,381	20,307	10,106	10,201	307	127	180	2.15	3,448
2019.1/4	중랑구	면목5동	4,584	10,059	5,142	4,917	9,924	5,082	4,842	135	60	75	2.16	1,588
2019.1/4	중랑구	면목7동	10,117	22,168	10,997	11,171	21,866	10,875	10,991	302	122	180	2.16	3,761
2019.1/4	중랑구	상봉1동	10,116	25,499	12,445	13,054	25,346	12,383	12,963	153	62	91	2.51	3,323
2019.1/4	중랑구	상봉2동	10,441	19,337	9,469	9,868	19,017	9,334	9,683	320	135	185	1.82	2,678
2019.1/4	중랑구	중화1동	8,957	21,036	10,354	10,682	20,835	10,266	10,569	201	88	113	2.33	3,082
2019.1/4	중랑구	중화2동	14,446	28,672	14,708	13,964	28,063	14,434	13,629	609	274	335	1.94	4,760
2019.1/4	중랑구	묵1동	14,565	36,200	17,627	18,573	36,037	17,567	18,470	163	60	103	2.47	5,210
2019.1/4	중랑구	묵2동	9,209	20,298	10,010	10,288	20,055	9,914	10,141	243	96	147	2.18	3,109
2019.1/4	중랑구	망우3동	8,513	18,305	9,188	9,117	17,979	9,059	8,920	326	129	197	2.11	2,997
2019.1/4	중랑구	신내1동	14,717	41,180	20,140	21,040	41,046	20,077	20,969	134	63	71	2.79	5,976
2019.1/4	중랑구	신내2동	9,029	22,258	10,677	11,581	22,181	10,653	11,528	77	24	53	2.46	3,477
2019.1/4	중랑구	면목본동	17,537	36,522	18,117	18,405	35,696	17,762	17,934	826	355	471	2.04	5,530
2019.1/4	중랑구	면목3.8동	12,562	26,938	13,462	13,476	26,452	13,256	13,196	486	206	280	2.11	4,493
2019.1/4	중랑구	망우본동	14,746	31,699	16,034	15,665	31,338	15,891	15,447	361	143	218	2.13	5,315
2019.1/4	성북구	소계	188,670	450,021	217,400	232,621	438,245	212,830	225,415	11,776	4,570	7,206	2.32	68,612
2019.1/4	성북구	돈암1동	6,350	16,221	7,565	8,656	16,114	7,527	8,587	107	38	69	2.54	2,634
2019.1/4	성북구	돈암2동	8,566	25,099	11,988	13,111	24,997	11,939	13,058	102	49	53	2.92	3,151
2019.1/4	성북구	안암동	8,982	17,465	8,512	8,953	15,317	7,773	7,544	2,148	739	1,409	1.71	2,079
2019.1/4	성북구	보문동	7,947	16,946	8,195	8,751	16,594	8,048	8,546	352	147	205	2.09	2,333
2019.1/4	성북구	정릉1동	7,315	19,213	9,188	10,025	18,726	9,061	9,665	487	127	360	2.56	2,856
2019.1/4	성북구	정릉2동	9,635	24,178	11,807	12,371	23,910	11,708	12,202	268	99	169	2.48	4,060
2019.1/4	성북구	정릉3동	7,732	17,366	8,653	8,713	15,931	7,972	7,959	1,435	681	754	2.06	3,104
2019.1/4	성북구	정릉4동	11,010	27,087	13,118	13,969	26,726	12,984	13,742	361	134	227	2.43	4,485
2019.1/4	성북구	길음1동	12,960	37,535	17,927	19,608	37,340	17,847	19,493	195	80	115	2.88	4,253
2019.1/4	성북구	길음2동	5,791	13,917	6,761	7,156	13,798	6,708	7,090	119	53	66	2.38	2,102
2019.1/4	성북구	월곡1동	10,775	27,812	13,482	14,330	27,592	13,403	14,189	220	79	141	2.56	4,319
2019.1/4	성북구	월곡2동	9,058	20,675	10,079	10,596	20,094	9,805	10,289	581	274	307	2.22	3,298
2019.1/4	성북구	장위1동	9,067	21,180	10,434	10,746	20,955	10,344	10,611	225	90	135	2.31	3,510
2019.1/4	성북구	장위2동	6,432	14,677	7,321	7,356	14,398	7,189	7,209	279	132	147	2.24	3,062
2019.1/4	성북구	장위3동	4,752	11,627	5,840	5,787	11,422	5,747	5,675	205	93	112	2.4	1,894
2019.1/4	성북구	성북동	8,028	17,820	8,408	9,412	17,271	8,194	9,077	549	214	335	2.15	2,976
2019.1/4	성북구	삼선동	12,715	26,860	12,900	13,960	26,314	12,659	13,655	546	241	305	2.07	4,000
2019.1/4	성북구	동선동	9,012	16,450	6,864	9,586	15,596	6,640	8,956	854	224	630	1.73	2,184
2019.1/4	성북구	종암동	17,109	42,528	20,799	21,729	40,732	20,185	20,547	1,796	614	1,182	2.38	6,174
2019.1/4	성북구	석관동	15,434	35,365	17,559	17,806	34,418	17,097	17,321	947	462	485	2.23	6,138
2019.1/4	강북구	소계	143,663	321,151	156,525	164,626	317,386	155,075	162,311	3,765	1,450	2,315	2.21	58,858
2019.1/4	강북구	번1동	10,269	19,885	9,890	9,995	19,479	9,727	9,752	406	163	243	1.9	3,371
2019.1/4	강북구	번2동	7,606	17,468	8,456	9,012	17,339	8,423	8,916	129	33	96	2.28	3,720
2019.1/4	강북구	번3동	7,616	18,799	8,902	9,897	18,715	8,888	9,827	84	14	70	2.46	4,418
2019.1/4	강북구	수유1동	10,347	22,133	10,937	11,196	21,868	10,841	11,027	265	96	169	2.11	4,071
2019.1/4	강북구	수유2동	9,519	22,224	10,717	11,507	22,087	10,675	11,412	137	42	95	2.32	4,328
2019.1/4	강북구	수유3동	12,658	24,538	12,188	12,350	24,140	12,045	12,095	398	143	255	1.91	4,224
2019.1/4	강북구	삼양동	11,665	26,276	13,054	13,222	26,097	12,990	13,107	179	64	115	2.24	4,647
2019.1/4	강북구	미아동	11,318	23,174	11,106	12,068	22,640	10,893	11,747	534	213	321	2	4,103
2019.1/4	강북구	송중동	12,998	29,324	14,092	15,232	28,743	13,846	14,897	581	246	335	2.21	5,379
2019.1/4	강북구	송천동	13,763	29,305	14,569	14,736	28,796	14,342	14,454	509	227	282	2.09	5,683
2019.1/4	강북구	삼각산동	11,827	33,312	16,021	17,291	33,168	15,964	17,204	144	57	87	2.8	4,028
2019.1/4	강북구	우이동	9,491	21,684	10,564	11,120	21,554	10,508	11,046	130	56	74	2.27	4,418
2019.1/4	강북구	인수동	14,586	33,029	16,029	17,000	32,760	15,933	16,827	269	96	173	2.25	6,468
2019.1/4	도봉구	소계	138,175	340,089	166,218	173,871	337,820	165,314	172,506	2,269	904	1,365	2.44	56,742
2019.1/4	도봉구	쌍문1동	9,199	22,430	10,831	11,599	22,175	10,748	11,427	255	83	172	2.41	4,014
2019.1/4	도봉구	쌍문2동	8,638	20,412	9,899	10,513	20,207	9,771	10,436	205	128	77	2.34	3,493
2019.1/4	도봉구	쌍문3동	7,786	17,437	8,398	9,039	17,261	8,336	8,925	176	62	114	2.22	3,179
2019.1/4	도봉구	쌍문4동	7,160	20,051	9,554	10,497	20,003	9,536	10,467	48	18	30	2.79	2,661
2019.1/4	도봉구	방학1동	12,823	30,482	15,067	15,415	30,176	14,959	15,217	306	108	198	2.35	5,121
2019.1/4	도봉구	방학2동	9,546	21,465	10,812	10,653	21,263	10,731	10,532	202	81	121	2.23	3,929
2019.1/4	도봉구	방학3동	10,095	29,067	14,173	14,894	28,999	14,155	14,844	68	18	50	2.87	4,215
2019.1/4	도봉구	창1동	10,928	26,645	12,793	13,852	26,486	12,729	13,757	159	64	95	2.42	4,099
2019.1/4	도봉구	창2동	12,409	31,211	15,318	15,893	30,931	15,204	15,727	280	114	166	2.49	4,615
2019.1/4	도봉구	창3동	6,680	15,071	7,516	7,555	14,974	7,484	7,490	97	32	65	2.24	2,702
2019.1/4	도봉구	창4동	10,607	28,339	13,703	14,636	28,247	13,655	14,592	92	48	44	2.66	3,793
2019.1/4	도봉구	창5동	9,863	25,884	12,501	13,383	25,779	12,461	13,318	105	40	65	2.61	3,879
2019.1/4	도봉구	도봉1동	10,280	22,693	11,451	11,242	22,537	11,392	11,145	156	59	97	2.19	5,227
2019.1/4	도봉구	도봉2동	12,161	28,902	14,202	14,700	28,782	14,153	14,629	120	49	71	2.37	5,815
2019.1/4	노원구	소계	217,748	545,486	264,460	281,026	541,174	262,593	278,581	4,312	1,867	2,445	2.49	78,170
2019.1/4	노원구	월계1동	10,532	24,212	12,505	11,707	23,645	12,222	11,423	567	283	284	2.25	3,979
2019.1/4	노원구	월계2동	11,246	26,509	12,779	13,730	26,359	12,733	13,626	150	46	104	2.34	4,975
2019.1/4	노원구	월계3동	12,985	32,315	15,563	16,752	32,129	15,489	16,640	186	74	112	2.47	5,425
2019.1/4	노원구	공릉2동	16,264	41,362	20,292	21,070	40,813	20,011	20,802	549	281	268	2.51	4,678
2019.1/4	노원구	하계1동	12,505	30,039	14,586	15,453	29,420	14,279	15,141	619	307	312	2.35	3,928
2019.1/4	노원구	하계2동	8,311	23,727	11,351	12,376	23,666	11,327	12,339	61	24	37	2.85	2,911
2019.1/4	노원구	중계본동	9,141	26,600	13,070	13,530	26,519	13,038	13,481	81	32	49	2.9	2,545
2019.1/4	노원구	중계1동	9,125	28,321	13,835	14,486	28,240	13,801	14,439	81	34	47	3.09	2,205
2019.1/4	노원구	중계4동	8,481	21,683	10,558	11,125	21,606	10,532	11,074	77	26	51	2.55	3,673
2019.1/4	노원구	상계1동	15,606	40,751	19,860	20,891	40,578	19,805	20,773	173	55	118	2.6	6,217
2019.1/4	노원구	상계2동	8,771	21,569	10,640	10,929	21,392	10,568	10,824	177	72	105	2.44	3,036
2019.1/4	노원구	상계5동	11,070	26,136	12,768	13,368	25,993	12,720	13,273	143	48	95	2.35	4,680
2019.1/4	노원구	상계8동	9,283	24,302	11,711	12,591	24,247	11,700	12,547	55	11	44	2.61	2,545
2019.1/4	노원구	상계9동	8,473	22,216	10,636	11,580	22,134	10,615	11,519	82	21	61	2.61	2,991
2019.1/4	노원구	상계10동	6,624	16,867	7,791	9,076	16,801	7,759	9,042	66	32	34	2.54	2,046
2019.1/4	노원구	상계3.4동	11,635	26,367	13,127	13,240	26,225	13,084	13,141	142	43	99	2.25	5,521
2019.1/4	노원구	상계6.7동	14,071	35,195	16,427	18,768	35,039	16,367	18,672	156	60	96	2.49	4,399
2019.1/4	노원구	중계2.3동	15,471	37,528	17,476	20,052	37,369	17,413	19,956	159	63	96	2.42	6,733
2019.1/4	노원구	공릉1동	18,154	39,787	19,485	20,302	38,999	19,130	19,869	788	355	433	2.15	5,683
2019.1/4	은평구	소계	206,527	488,713	235,925	252,788	484,274	234,064	250,210	4,439	1,861	2,578	2.34	78,406
2019.1/4	은평구	녹번동	16,649	37,460	18,056	19,404	37,044	17,864	19,180	416	192	224	2.22	6,223
2019.1/4	은평구	불광1동	17,761	41,316	19,670	21,646	40,998	19,541	21,457	318	129	189	2.31	7,161
2019.1/4	은평구	갈현1동	11,180	25,069	12,214	12,855	24,782	12,071	12,711	287	143	144	2.22	4,149
2019.1/4	은평구	갈현2동	12,618	30,545	14,564	15,981	30,177	14,411	15,766	368	153	215	2.39	4,567
2019.1/4	은평구	구산동	12,981	34,020	16,974	17,046	33,777	16,867	16,910	243	107	136	2.6	5,621
2019.1/4	은평구	대조동	15,656	32,362	15,246	17,116	31,946	15,068	16,878	416	178	238	2.04	5,370
2019.1/4	은평구	응암1동	11,342	25,988	12,481	13,507	25,685	12,352	13,333	303	129	174	2.26	3,976
2019.1/4	은평구	응암2동	8,434	21,566	10,555	11,011	21,357	10,465	10,892	209	90	119	2.53	2,885
2019.1/4	은평구	신사1동	11,695	28,876	13,989	14,887	28,648	13,903	14,745	228	86	142	2.45	4,496
2019.1/4	은평구	신사2동	9,185	22,231	11,106	11,125	22,077	11,055	11,022	154	51	103	2.4	3,510
2019.1/4	은평구	증산동	6,900	16,341	8,058	8,283	16,213	8,007	8,206	128	51	77	2.35	2,912
2019.1/4	은평구	수색동	4,429	10,323	5,171	5,152	10,245	5,136	5,109	78	35	43	2.31	1,962
2019.1/4	은평구	진관동	20,677	57,121	27,027	30,094	56,889	26,931	29,958	232	96	136	2.75	7,205
2019.1/4	은평구	불광2동	13,721	29,752	14,442	15,310	29,451	14,310	15,141	301	132	169	2.15	5,409
2019.1/4	은평구	응암3동	12,546	26,356	12,870	13,486	26,009	12,737	13,272	347	133	214	2.07	5,285
2019.1/4	은평구	역촌동	20,753	49,387	23,502	25,885	48,976	23,346	25,630	411	156	255	2.36	7,675
2019.1/4	서대문구	소계	139,811	324,604	154,410	170,194	311,771	150,103	161,668	12,833	4,307	8,526	2.23	51,085
2019.1/4	서대문구	천연동	8,231	18,874	8,990	9,884	18,621	8,876	9,745	253	114	139	2.26	3,197
2019.1/4	서대문구	홍제1동	10,090	24,583	11,576	13,007	24,300	11,451	12,849	283	125	158	2.41	4,162
2019.1/4	서대문구	홍제3동	7,074	16,479	7,977	8,502	16,317	7,904	8,413	162	73	89	2.31	3,357
2019.1/4	서대문구	홍제2동	5,837	14,714	7,031	7,683	14,592	6,976	7,616	122	55	67	2.5	2,572
2019.1/4	서대문구	홍은1동	9,653	23,731	11,527	12,204	23,430	11,392	12,038	301	135	166	2.43	4,366
2019.1/4	서대문구	홍은2동	12,188	28,626	13,944	14,682	27,923	13,648	14,275	703	296	407	2.29	4,717
2019.1/4	서대문구	남가좌1동	6,100	17,092	8,223	8,869	16,748	8,077	8,671	344	146	198	2.75	2,107
2019.1/4	서대문구	남가좌2동	11,208	25,783	12,413	13,370	25,033	12,116	12,917	750	297	453	2.23	4,145
2019.1/4	서대문구	북가좌1동	6,995	19,292	9,364	9,928	19,138	9,304	9,834	154	60	94	2.74	2,796
2019.1/4	서대문구	북가좌2동	14,766	34,206	16,675	17,531	33,880	16,540	17,340	326	135	191	2.29	5,831
2019.1/4	서대문구	충현동	8,824	18,320	8,927	9,393	17,884	8,735	9,149	436	192	244	2.03	3,081
2019.1/4	서대문구	북아현동	7,559	17,674	8,347	9,327	17,233	8,170	9,063	441	177	264	2.28	2,266
2019.1/4	서대문구	신촌동	12,269	24,171	9,733	14,438	18,773	8,545	10,228	5,398	1,188	4,210	1.53	2,168
2019.1/4	서대문구	연희동	19,017	41,059	19,683	21,376	37,899	18,369	19,530	3,160	1,314	1,846	1.99	6,320
2019.1/4	마포구	소계	173,517	386,571	182,249	204,322	375,106	177,872	197,234	11,465	4,377	7,088	2.16	51,293
2019.1/4	마포구	용강동	9,143	22,527	10,772	11,755	21,989	10,482	11,507	538	290	248	2.41	2,770
2019.1/4	마포구	대흥동	7,169	13,733	6,303	7,430	11,719	5,713	6,006	2,014	590	1,424	1.63	1,852
2019.1/4	마포구	염리동	5,723	13,437	6,340	7,097	12,484	6,055	6,429	953	285	668	2.18	1,801
2019.1/4	마포구	신수동	9,229	21,784	10,587	11,197	21,263	10,403	10,860	521	184	337	2.3	3,035
2019.1/4	마포구	서교동	14,041	26,239	11,984	14,255	24,552	11,377	13,175	1,687	607	1,080	1.75	3,338
2019.1/4	마포구	합정동	9,602	19,410	9,022	10,388	19,013	8,857	10,156	397	165	232	1.98	2,549
2019.1/4	마포구	망원1동	10,691	22,198	10,492	11,706	21,823	10,332	11,491	375	160	215	2.04	3,271
2019.1/4	마포구	망원2동	8,281	19,561	9,344	10,217	19,374	9,268	10,106	187	76	111	2.34	2,832
2019.1/4	마포구	연남동	8,661	17,283	8,055	9,228	16,186	7,585	8,601	1,097	470	627	1.87	2,445
2019.1/4	마포구	성산1동	9,332	20,428	9,662	10,766	20,018	9,495	10,523	410	167	243	2.15	2,807
2019.1/4	마포구	성산2동	18,627	41,812	19,378	22,434	41,533	19,281	22,252	279	97	182	2.23	5,741
2019.1/4	마포구	상암동	12,856	33,428	15,971	17,457	32,849	15,705	17,144	579	266	313	2.56	3,713
2019.1/4	마포구	도화동	9,631	22,784	10,811	11,973	22,491	10,684	11,807	293	127	166	2.34	3,529
2019.1/4	마포구	서강동	11,567	25,955	12,224	13,731	25,056	11,941	13,115	899	283	616	2.17	2,914
2019.1/4	마포구	공덕동	18,798	40,625	19,337	21,288	39,881	18,968	20,913	744	369	375	2.12	5,801
2019.1/4	마포구	아현동	10,166	25,367	11,967	13,400	24,875	11,726	13,149	492	241	251	2.45	2,895
2019.1/4	양천구	소계	176,680	466,622	229,486	237,136	462,599	227,678	234,921	4,023	1,808	2,215	2.62	58,930
2019.1/4	양천구	목1동	10,476	32,310	15,583	16,727	32,130	15,489	16,641	180	94	86	3.07	2,777
2019.1/4	양천구	목2동	12,946	31,630	15,471	16,159	31,371	15,360	16,011	259	111	148	2.42	3,636
2019.1/4	양천구	목3동	9,849	23,174	11,139	12,035	22,985	11,056	11,929	189	83	106	2.33	2,940
2019.1/4	양천구	목4동	10,148	27,322	13,421	13,901	27,119	13,339	13,780	203	82	121	2.67	2,939
2019.1/4	양천구	신월1동	10,121	22,202	11,351	10,851	21,840	11,201	10,639	362	150	212	2.16	3,677
2019.1/4	양천구	신월2동	8,700	22,771	11,203	11,568	22,577	11,116	11,461	194	87	107	2.6	3,488
2019.1/4	양천구	신월3동	8,235	17,111	9,018	8,093	16,856	8,900	7,956	255	118	137	2.05	2,740
2019.1/4	양천구	신월4동	6,859	19,198	9,443	9,755	19,092	9,404	9,688	106	39	67	2.78	2,809
2019.1/4	양천구	신월5동	6,377	15,638	7,724	7,914	15,487	7,661	7,826	151	63	88	2.43	2,127
2019.1/4	양천구	신월6동	2,540	6,747	3,332	3,415	6,712	3,321	3,391	35	11	24	2.64	1,071
2019.1/4	양천구	신월7동	9,266	22,156	10,888	11,268	22,005	10,845	11,160	151	43	108	2.37	3,903
2019.1/4	양천구	신정1동	7,226	21,669	10,622	11,047	21,466	10,513	10,953	203	109	94	2.97	2,414
2019.1/4	양천구	신정2동	7,170	20,861	10,197	10,664	20,744	10,145	10,599	117	52	65	2.89	2,383
2019.1/4	양천구	신정3동	17,733	48,702	23,859	24,843	48,218	23,628	24,590	484	231	253	2.72	6,190
2019.1/4	양천구	신정6동	8,156	25,339	12,355	12,984	25,310	12,342	12,968	29	13	16	3.1	2,340
2019.1/4	양천구	신정7동	11,386	30,599	14,874	15,725	30,404	14,778	15,626	195	96	99	2.67	4,347
2019.1/4	양천구	목5동	13,525	43,164	21,308	21,856	43,110	21,291	21,819	54	17	37	3.19	3,803
2019.1/4	양천구	신정4동	15,967	36,029	17,698	18,331	35,173	17,289	17,884	856	409	447	2.2	5,346
2019.1/4	강서구	소계	260,152	602,886	292,646	310,240	596,287	289,454	306,833	6,599	3,192	3,407	2.29	80,903
2019.1/4	강서구	염창동	14,649	41,063	20,118	20,945	40,952	20,070	20,882	111	48	63	2.8	3,740
2019.1/4	강서구	등촌1동	11,918	23,666	11,196	12,470	23,454	11,115	12,339	212	81	131	1.97	2,579
2019.1/4	강서구	등촌2동	8,611	22,039	10,943	11,096	21,910	10,887	11,023	129	56	73	2.54	2,845
2019.1/4	강서구	등촌3동	14,804	33,075	15,796	17,279	32,884	15,718	17,166	191	78	113	2.22	5,793
2019.1/4	강서구	화곡본동	16,338	36,297	17,684	18,613	35,844	17,497	18,347	453	187	266	2.19	4,387
2019.1/4	강서구	화곡2동	8,264	19,948	9,695	10,253	19,615	9,543	10,072	333	152	181	2.37	2,622
2019.1/4	강서구	화곡3동	9,373	22,816	10,966	11,850	22,630	10,895	11,735	186	71	115	2.41	3,574
2019.1/4	강서구	화곡4동	9,717	22,517	11,047	11,470	22,159	10,892	11,267	358	155	203	2.28	3,393
2019.1/4	강서구	화곡6동	11,289	25,000	12,360	12,640	24,792	12,273	12,519	208	87	121	2.2	3,417
2019.1/4	강서구	화곡8동	11,592	26,846	12,918	13,928	26,337	12,678	13,659	509	240	269	2.27	3,952
2019.1/4	강서구	가양1동	18,532	33,804	15,924	17,880	33,438	15,712	17,726	366	212	154	1.8	2,658
2019.1/4	강서구	가양2동	8,091	15,562	7,359	8,203	15,473	7,334	8,139	89	25	64	1.91	3,486
2019.1/4	강서구	가양3동	7,913	16,467	7,770	8,697	16,348	7,725	8,623	119	45	74	2.07	3,217
2019.1/4	강서구	발산1동	13,428	38,736	18,471	20,265	38,561	18,398	20,163	175	73	102	2.87	4,202
2019.1/4	강서구	공항동	12,797	28,713	14,674	14,039	27,799	14,020	13,779	914	654	260	2.17	3,576
2019.1/4	강서구	방화1동	17,446	46,148	22,573	23,575	45,791	22,398	23,393	357	175	182	2.62	5,802
2019.1/4	강서구	방화2동	11,595	24,417	12,086	12,331	24,127	11,943	12,184	290	143	147	2.08	4,368
2019.1/4	강서구	방화3동	11,247	24,775	11,956	12,819	24,607	11,895	12,712	168	61	107	2.19	4,522
2019.1/4	강서구	화곡1동	25,922	54,698	26,854	27,844	53,555	26,342	27,213	1,143	512	631	2.07	7,498
2019.1/4	강서구	우장산동	16,626	46,299	22,256	24,043	46,011	22,119	23,892	288	137	151	2.77	5,272
2019.1/4	구로구	소계	173,585	438,889	220,013	218,876	404,726	200,367	204,359	34,163	19,646	14,517	2.33	63,017
2019.1/4	구로구	신도림동	13,445	37,547	18,398	19,149	37,208	18,203	19,005	339	195	144	2.77	4,175
2019.1/4	구로구	구로1동	7,832	21,807	10,791	11,016	21,365	10,550	10,815	442	241	201	2.73	2,160
2019.1/4	구로구	구로3동	13,347	26,820	13,747	13,073	24,757	12,602	12,155	2,063	1,145	918	1.85	3,159
2019.1/4	구로구	구로4동	10,630	26,975	13,771	13,204	21,383	10,504	10,879	5,592	3,267	2,325	2.01	4,282
2019.1/4	구로구	구로5동	14,367	33,845	16,682	17,163	30,065	14,526	15,539	3,780	2,156	1,624	2.09	4,264
2019.1/4	구로구	고척1동	9,553	24,510	12,280	12,230	24,073	12,053	12,020	437	227	210	2.52	3,844
2019.1/4	구로구	고척2동	11,653	29,345	14,557	14,788	28,683	14,221	14,462	662	336	326	2.46	4,514
2019.1/4	구로구	개봉2동	12,625	33,576	16,422	17,154	33,091	16,191	16,900	485	231	254	2.62	5,517
2019.1/4	구로구	개봉3동	8,801	22,123	10,838	11,285	21,629	10,592	11,037	494	246	248	2.46	3,602
2019.1/4	구로구	오류1동	10,659	22,686	11,112	11,574	21,989	10,772	11,217	697	340	357	2.06	3,563
2019.1/4	구로구	오류2동	18,086	47,387	23,088	24,299	46,597	22,680	23,917	790	408	382	2.58	6,923
2019.1/4	구로구	수궁동	9,857	25,322	12,573	12,749	24,969	12,393	12,576	353	180	173	2.53	3,828
2019.1/4	구로구	가리봉동	5,896	16,188	9,411	6,777	9,659	5,272	4,387	6,529	4,139	2,390	1.64	2,047
2019.1/4	구로구	구로2동	12,834	36,210	19,028	17,182	25,898	13,099	12,799	10,312	5,929	4,383	2.02	5,442
2019.1/4	구로구	개봉1동	14,000	34,548	17,315	17,233	33,360	16,709	16,651	1,188	606	582	2.38	5,697
2019.1/4	금천구	소계	108,823	254,244	130,503	123,741	233,981	118,913	115,068	20,263	11,590	8,673	2.15	36,301
2019.1/4	금천구	가산동	13,446	24,638	13,839	10,799	20,888	11,532	9,356	3,750	2,307	1,443	1.55	2,346
2019.1/4	금천구	독산1동	18,878	42,774	22,327	20,447	40,189	20,820	19,369	2,585	1,507	1,078	2.13	5,109
2019.1/4	금천구	독산2동	9,327	21,991	11,292	10,699	19,921	10,150	9,771	2,070	1,142	928	2.14	3,120
2019.1/4	금천구	독산3동	12,253	30,528	15,829	14,699	25,415	12,862	12,553	5,113	2,967	2,146	2.07	4,176
2019.1/4	금천구	독산4동	7,615	18,667	9,553	9,114	16,320	8,237	8,083	2,347	1,316	1,031	2.14	2,654
2019.1/4	금천구	시흥1동	15,704	37,199	18,798	18,401	34,655	17,373	17,282	2,544	1,425	1,119	2.21	5,530
2019.1/4	금천구	시흥2동	8,432	22,894	11,155	11,739	22,775	11,095	11,680	119	60	59	2.7	3,621
2019.1/4	금천구	시흥3동	4,721	11,702	5,851	5,851	11,550	5,783	5,767	152	68	84	2.45	2,149
2019.1/4	금천구	시흥4동	9,095	22,548	11,209	11,339	21,693	10,764	10,929	855	445	410	2.39	3,619
2019.1/4	금천구	시흥5동	9,352	21,303	10,650	10,653	20,575	10,297	10,278	728	353	375	2.2	3,977
2019.1/4	영등포구	소계	172,828	404,556	203,579	200,977	368,824	183,493	185,331	35,732	20,086	15,646	2.13	56,463
2019.1/4	영등포구	여의동	13,217	34,340	16,257	18,083	33,948	16,046	17,902	392	211	181	2.57	5,730
2019.1/4	영등포구	당산1동	10,410	21,400	10,529	10,871	20,873	10,291	10,582	527	238	289	2.01	3,122
2019.1/4	영등포구	당산2동	17,156	36,216	17,026	19,190	35,763	16,818	18,945	453	208	245	2.08	4,167
2019.1/4	영등포구	양평1동	8,729	18,055	8,996	9,059	17,745	8,845	8,900	310	151	159	2.03	2,378
2019.1/4	영등포구	양평2동	10,058	22,889	11,456	11,433	22,632	11,330	11,302	257	126	131	2.25	2,332
2019.1/4	영등포구	신길1동	9,784	19,575	10,080	9,495	17,423	8,856	8,567	2,152	1,224	928	1.78	3,162
2019.1/4	영등포구	신길3동	7,281	18,139	9,158	8,981	16,568	8,257	8,311	1,571	901	670	2.28	2,815
2019.1/4	영등포구	신길4동	4,303	10,324	5,273	5,051	9,184	4,610	4,574	1,140	663	477	2.13	1,756
2019.1/4	영등포구	신길5동	4,351	11,461	5,719	5,742	9,622	4,652	4,970	1,839	1,067	772	2.21	1,908
2019.1/4	영등포구	신길6동	8,410	19,804	9,891	9,913	18,444	9,131	9,313	1,360	760	600	2.19	3,024
2019.1/4	영등포구	신길7동	6,570	17,262	8,636	8,626	17,061	8,543	8,518	201	93	108	2.6	1,956
2019.1/4	영등포구	대림1동	6,422	16,941	8,820	8,121	13,237	6,655	6,582	3,704	2,165	1,539	2.06	2,714
2019.1/4	영등포구	대림2동	6,838	22,417	11,785	10,632	12,946	6,312	6,634	9,471	5,473	3,998	1.89	2,852
2019.1/4	영등포구	대림3동	10,592	29,373	15,103	14,270	24,317	12,261	12,056	5,056	2,842	2,214	2.3	4,005
2019.1/4	영등포구	영등포본동	10,199	25,408	13,110	12,298	22,279	11,365	10,914	3,129	1,745	1,384	2.18	3,770
2019.1/4	영등포구	영등포동	16,709	26,660	14,529	12,131	25,923	14,179	11,744	737	350	387	1.55	3,278
2019.1/4	영등포구	도림동	9,296	22,120	11,298	10,822	18,916	9,546	9,370	3,204	1,752	1,452	2.03	3,206
2019.1/4	영등포구	문래동	12,503	32,172	15,913	16,259	31,943	15,796	16,147	229	117	112	2.55	4,288
2019.1/4	동작구	소계	179,709	412,031	199,526	212,505	398,886	193,622	205,264	13,145	5,904	7,241	2.22	60,462
2019.1/4	동작구	노량진2동	7,230	14,234	7,303	6,931	13,155	6,745	6,410	1,079	558	521	1.82	2,542
2019.1/4	동작구	상도1동	21,286	48,459	23,433	25,026	46,244	22,563	23,681	2,215	870	1,345	2.17	6,408
2019.1/4	동작구	상도2동	12,733	29,351	14,095	15,256	28,928	13,922	15,006	423	173	250	2.27	4,162
2019.1/4	동작구	상도3동	11,733	26,152	12,557	13,595	25,698	12,350	13,348	454	207	247	2.19	4,029
2019.1/4	동작구	상도4동	13,377	30,316	14,873	15,443	29,885	14,687	15,198	431	186	245	2.23	4,570
2019.1/4	동작구	사당1동	12,909	24,233	11,581	12,652	23,543	11,231	12,312	690	350	340	1.82	3,423
2019.1/4	동작구	사당3동	10,776	26,702	12,979	13,723	26,376	12,827	13,549	326	152	174	2.45	4,142
2019.1/4	동작구	사당4동	6,971	15,117	7,248	7,869	14,908	7,146	7,762	209	102	107	2.14	2,386
2019.1/4	동작구	사당5동	5,740	13,164	6,390	6,774	13,024	6,336	6,688	140	54	86	2.27	1,949
2019.1/4	동작구	대방동	16,999	40,191	19,123	21,068	39,744	18,904	20,840	447	219	228	2.34	5,185
2019.1/4	동작구	신대방1동	9,857	27,010	13,177	13,833	24,084	11,589	12,495	2,926	1,588	1,338	2.44	3,399
2019.1/4	동작구	신대방2동	9,195	20,877	10,066	10,811	20,556	9,928	10,628	321	138	183	2.24	2,820
2019.1/4	동작구	흑석동	14,106	35,007	16,747	18,260	32,395	15,832	16,563	2,612	915	1,697	2.3	5,347
2019.1/4	동작구	노량진1동	14,886	32,634	16,178	16,456	32,275	16,021	16,254	359	157	202	2.17	5,265
2019.1/4	동작구	사당2동	11,911	28,584	13,776	14,808	28,071	13,541	14,530	513	235	278	2.36	4,835
2019.1/4	관악구	소계	265,360	520,645	260,919	259,726	502,615	252,307	250,308	18,030	8,612	9,418	1.89	73,005
2019.1/4	관악구	보라매동	12,238	26,511	12,963	13,548	25,377	12,419	12,958	1,134	544	590	2.07	4,088
2019.1/4	관악구	청림동	6,576	16,411	8,070	8,341	16,268	8,004	8,264	143	66	77	2.47	2,580
2019.1/4	관악구	행운동	16,956	30,523	14,823	15,700	29,949	14,593	15,356	574	230	344	1.77	4,038
2019.1/4	관악구	낙성대동	10,739	17,919	8,857	9,062	17,091	8,517	8,574	828	340	488	1.59	1,906
2019.1/4	관악구	중앙동	9,113	15,791	7,605	8,186	15,357	7,414	7,943	434	191	243	1.69	2,264
2019.1/4	관악구	인헌동	13,970	27,271	13,349	13,922	26,867	13,174	13,693	404	175	229	1.92	3,634
2019.1/4	관악구	남현동	9,279	19,091	9,171	9,920	18,874	9,065	9,809	217	106	111	2.03	2,508
2019.1/4	관악구	서원동	13,576	24,096	12,273	11,823	23,283	11,913	11,370	813	360	453	1.72	3,064
2019.1/4	관악구	신원동	10,425	20,121	10,069	10,052	18,796	9,362	9,434	1,325	707	618	1.8	3,050
2019.1/4	관악구	서림동	14,273	24,883	13,632	11,251	24,247	13,387	10,860	636	245	391	1.7	3,239
2019.1/4	관악구	신사동	13,154	26,466	13,369	13,097	23,147	11,634	11,513	3,319	1,735	1,584	1.76	3,286
2019.1/4	관악구	신림동	16,495	22,515	11,279	11,236	21,610	10,868	10,742	905	411	494	1.31	1,851
2019.1/4	관악구	난향동	6,489	16,671	8,266	8,405	16,542	8,202	8,340	129	64	65	2.55	2,565
2019.1/4	관악구	조원동	10,088	19,748	10,062	9,686	17,533	8,843	8,690	2,215	1,219	996	1.74	2,536
2019.1/4	관악구	대학동	15,818	24,895	14,740	10,155	23,872	14,359	9,513	1,023	381	642	1.51	2,607
2019.1/4	관악구	은천동	15,745	35,713	17,567	18,146	34,996	17,238	17,758	717	329	388	2.22	5,359
2019.1/4	관악구	성현동	12,998	32,819	15,921	16,898	32,595	15,816	16,779	224	105	119	2.51	5,296
2019.1/4	관악구	청룡동	19,044	30,750	14,763	15,987	29,301	14,109	15,192	1,449	654	795	1.54	3,675
2019.1/4	관악구	난곡동	12,779	29,390	14,837	14,553	28,774	14,536	14,238	616	301	315	2.25	4,908
2019.1/4	관악구	삼성동	11,505	25,881	13,001	12,880	25,686	12,920	12,766	195	81	114	2.23	5,402
2019.1/4	관악구	미성동	14,100	33,180	16,302	16,878	32,450	15,934	16,516	730	368	362	2.3	5,149
2019.1/4	서초구	소계	172,929	437,007	209,329	227,678	432,762	207,206	225,556	4,245	2,123	2,122	2.5	55,366
2019.1/4	서초구	서초1동	9,233	21,566	10,411	11,155	21,315	10,279	11,036	251	132	119	2.31	2,750
2019.1/4	서초구	서초2동	8,191	18,614	8,943	9,671	18,263	8,734	9,529	351	209	142	2.23	2,037
2019.1/4	서초구	서초3동	13,300	30,876	15,131	15,745	30,583	14,995	15,588	293	136	157	2.3	4,284
2019.1/4	서초구	서초4동	10,987	31,899	15,468	16,431	31,611	15,302	16,309	288	166	122	2.88	3,763
2019.1/4	서초구	잠원동	13,946	34,745	16,545	18,200	34,533	16,445	18,088	212	100	112	2.48	3,678
2019.1/4	서초구	반포본동	4,185	12,383	5,831	6,552	12,328	5,803	6,525	55	28	27	2.95	1,838
2019.1/4	서초구	반포1동	14,368	33,200	15,944	17,256	32,842	15,792	17,050	358	152	206	2.29	3,213
2019.1/4	서초구	반포2동	5,191	16,490	7,847	8,643	16,318	7,768	8,550	172	79	93	3.14	1,817
2019.1/4	서초구	반포3동	6,971	20,255	9,598	10,657	20,195	9,563	10,632	60	35	25	2.9	2,319
2019.1/4	서초구	반포4동	7,412	20,474	9,716	10,758	19,918	9,421	10,497	556	295	261	2.69	2,590
2019.1/4	서초구	방배본동	7,907	21,674	10,096	11,578	21,477	9,998	11,479	197	98	99	2.72	2,829
2019.1/4	서초구	방배1동	7,592	17,680	8,325	9,355	17,567	8,276	9,291	113	49	64	2.31	2,620
2019.1/4	서초구	방배2동	8,980	21,629	10,242	11,387	21,472	10,163	11,309	157	79	78	2.39	3,304
2019.1/4	서초구	방배3동	8,470	22,491	10,862	11,629	22,356	10,798	11,558	135	64	71	2.64	3,492
2019.1/4	서초구	방배4동	9,802	24,424	11,247	13,177	24,093	11,096	12,997	331	151	180	2.46	3,211
2019.1/4	서초구	양재1동	18,259	46,412	22,171	24,241	46,037	21,993	24,044	375	178	197	2.52	6,085
2019.1/4	서초구	양재2동	10,905	23,641	11,884	11,757	23,370	11,741	11,629	271	143	128	2.14	2,652
2019.1/4	서초구	내곡동	7,230	18,554	9,068	9,486	18,484	9,039	9,445	70	29	41	2.56	2,884
2019.1/4	강남구	소계	229,546	546,875	262,082	284,793	541,854	259,510	282,344	5,021	2,572	2,449	2.36	68,104
2019.1/4	강남구	신사동	7,520	17,761	8,288	9,473	17,507	8,142	9,365	254	146	108	2.33	2,847
2019.1/4	강남구	논현1동	14,209	23,985	11,101	12,884	23,403	10,829	12,574	582	272	310	1.65	2,764
2019.1/4	강남구	논현2동	11,367	22,204	10,411	11,793	21,917	10,279	11,638	287	132	155	1.93	2,920
2019.1/4	강남구	삼성1동	5,923	15,109	7,572	7,537	14,813	7,386	7,427	296	186	110	2.5	2,028
2019.1/4	강남구	삼성2동	13,282	30,508	14,525	15,983	30,271	14,393	15,878	237	132	105	2.28	3,186
2019.1/4	강남구	대치1동	7,421	25,395	12,730	12,665	25,337	12,699	12,638	58	31	27	3.41	2,224
2019.1/4	강남구	대치4동	10,142	20,945	9,894	11,051	20,653	9,760	10,893	292	134	158	2.04	1,886
2019.1/4	강남구	역삼1동	23,182	36,916	17,910	19,006	35,875	17,377	18,498	1,041	533	508	1.55	3,455
2019.1/4	강남구	역삼2동	14,966	36,737	17,384	19,353	36,398	17,178	19,220	339	206	133	2.43	3,401
2019.1/4	강남구	도곡1동	8,538	22,768	10,747	12,021	22,607	10,664	11,943	161	83	78	2.65	2,670
2019.1/4	강남구	도곡2동	11,913	34,484	16,057	18,427	34,356	15,984	18,372	128	73	55	2.88	4,272
2019.1/4	강남구	개포1동	2,879	7,272	3,512	3,760	7,244	3,498	3,746	28	14	14	2.52	1,497
2019.1/4	강남구	개포4동	7,809	18,697	9,172	9,525	18,546	9,099	9,447	151	73	78	2.37	2,151
2019.1/4	강남구	일원본동	8,230	24,615	12,101	12,514	24,582	12,090	12,492	33	11	22	2.99	2,519
2019.1/4	강남구	일원1동	7,565	16,850	8,229	8,621	16,669	8,168	8,501	181	61	120	2.2	2,928
2019.1/4	강남구	일원2동	7,210	17,957	8,663	9,294	17,890	8,632	9,258	67	31	36	2.48	2,836
2019.1/4	강남구	수서동	7,833	16,247	7,458	8,789	16,170	7,435	8,735	77	23	54	2.06	3,871
2019.1/4	강남구	세곡동	17,693	45,289	21,618	23,671	45,071	21,513	23,558	218	105	113	2.55	5,823
2019.1/4	강남구	압구정동	10,739	27,980	12,887	15,093	27,828	12,817	15,011	152	70	82	2.59	4,732
2019.1/4	강남구	청담동	12,475	30,181	14,239	15,942	29,935	14,097	15,838	246	142	104	2.4	3,890
2019.1/4	강남구	대치2동	13,111	39,424	20,016	19,408	39,254	19,910	19,344	170	106	64	2.99	4,201
2019.1/4	강남구	개포2동	5,539	15,551	7,568	7,983	15,528	7,560	7,968	23	8	15	2.8	2,003
2019.1/4	송파구	소계	276,815	685,361	332,367	352,994	678,521	329,046	349,475	6,840	3,321	3,519	2.45	83,492
2019.1/4	송파구	풍납1동	6,714	16,099	7,993	8,106	15,166	7,512	7,654	933	481	452	2.26	2,669
2019.1/4	송파구	풍납2동	10,481	25,007	11,929	13,078	24,821	11,844	12,977	186	85	101	2.37	3,140
2019.1/4	송파구	거여1동	5,437	13,337	6,801	6,536	13,226	6,761	6,465	111	40	71	2.43	2,060
2019.1/4	송파구	거여2동	7,207	17,173	8,468	8,705	17,100	8,439	8,661	73	29	44	2.37	2,863
2019.1/4	송파구	마천1동	9,161	21,183	10,811	10,372	20,976	10,732	10,244	207	79	128	2.29	3,834
2019.1/4	송파구	마천2동	8,678	20,563	10,422	10,141	20,361	10,345	10,016	202	77	125	2.35	3,694
2019.1/4	송파구	방이1동	6,186	16,516	8,008	8,508	16,384	7,940	8,444	132	68	64	2.65	1,894
2019.1/4	송파구	방이2동	13,120	25,897	12,446	13,451	25,426	12,229	13,197	471	217	254	1.94	3,049
2019.1/4	송파구	오륜동	5,987	19,076	9,333	9,743	19,062	9,327	9,735	14	6	8	3.18	2,289
2019.1/4	송파구	오금동	15,590	40,935	20,019	20,916	40,676	19,885	20,791	259	134	125	2.61	5,419
2019.1/4	송파구	송파1동	12,358	26,296	12,467	13,829	25,801	12,211	13,590	495	256	239	2.09	3,107
2019.1/4	송파구	송파2동	7,275	20,902	10,147	10,755	20,713	10,046	10,667	189	101	88	2.85	2,549
2019.1/4	송파구	석촌동	16,672	34,342	16,535	17,807	33,576	16,152	17,424	766	383	383	2.01	3,999
2019.1/4	송파구	삼전동	16,293	33,019	15,700	17,319	32,608	15,525	17,083	411	175	236	2	3,558
2019.1/4	송파구	가락본동	11,796	27,962	13,897	14,065	27,593	13,713	13,880	369	184	185	2.34	3,221
2019.1/4	송파구	가락1동	7,140	20,186	9,913	10,273	20,152	9,898	10,254	34	15	19	2.82	1,732
2019.1/4	송파구	가락2동	12,253	34,155	16,723	17,432	33,939	16,623	17,316	216	100	116	2.77	3,621
2019.1/4	송파구	문정1동	8,535	21,427	10,640	10,787	21,213	10,537	10,676	214	103	111	2.49	2,551
2019.1/4	송파구	문정2동	15,387	29,963	14,003	15,960	29,806	13,933	15,873	157	70	87	1.94	3,359
2019.1/4	송파구	장지동	13,409	34,672	16,837	17,835	34,444	16,722	17,722	228	115	113	2.57	4,089
2019.1/4	송파구	위례동	9,012	28,472	13,853	14,619	28,414	13,831	14,583	58	22	36	3.15	1,853
2019.1/4	송파구	잠실본동	14,844	29,647	14,011	15,636	29,024	13,700	15,324	623	311	312	1.96	3,347
2019.1/4	송파구	잠실4동	9,604	27,790	13,419	14,371	27,705	13,375	14,330	85	44	41	2.88	3,280
2019.1/4	송파구	잠실6동	5,922	17,434	8,316	9,118	17,315	8,248	9,067	119	68	51	2.92	2,432
2019.1/4	송파구	잠실7동	3,477	10,309	4,810	5,499	10,296	4,805	5,491	13	5	8	2.96	1,938
2019.1/4	송파구	잠실2동	11,999	36,853	17,612	19,241	36,739	17,549	19,190	114	63	51	3.06	3,105
2019.1/4	송파구	잠실3동	12,278	36,146	17,254	18,892	35,985	17,164	18,821	161	90	71	2.93	4,840
2019.1/4	강동구	소계	177,140	429,601	212,389	217,212	425,267	210,371	214,896	4,334	2,018	2,316	2.4	59,742
2019.1/4	강동구	강일동	11,196	32,669	15,798	16,871	32,520	15,728	16,792	149	70	79	2.9	4,401
2019.1/4	강동구	상일동	4,185	11,127	5,560	5,567	11,038	5,512	5,526	89	48	41	2.64	1,524
2019.1/4	강동구	명일1동	8,148	22,356	10,948	11,408	22,280	10,926	11,354	76	22	54	2.73	2,950
2019.1/4	강동구	명일2동	5,963	18,034	8,924	9,110	17,992	8,911	9,081	42	13	29	3.02	2,131
2019.1/4	강동구	고덕1동	9,106	27,360	13,889	13,471	27,273	13,853	13,420	87	36	51	3	2,509
2019.1/4	강동구	고덕2동	3,401	7,521	4,004	3,517	7,386	3,913	3,473	135	91	44	2.17	1,395
2019.1/4	강동구	암사2동	5,880	14,648	7,134	7,514	14,592	7,108	7,484	56	26	30	2.48	2,000
2019.1/4	강동구	암사3동	6,369	18,940	9,276	9,664	18,885	9,248	9,637	55	28	27	2.97	2,252
2019.1/4	강동구	천호1동	12,828	28,966	14,288	14,678	28,649	14,163	14,486	317	125	192	2.23	4,595
2019.1/4	강동구	천호3동	13,661	28,452	14,042	14,410	27,878	13,762	14,116	574	280	294	2.04	4,319
2019.1/4	강동구	성내1동	8,204	20,922	10,127	10,795	20,795	10,066	10,729	127	61	66	2.53	2,764
2019.1/4	강동구	성내2동	12,450	25,608	12,715	12,893	24,862	12,343	12,519	746	372	374	2	3,870
2019.1/4	강동구	성내3동	10,147	23,956	11,866	12,090	23,675	11,747	11,928	281	119	162	2.33	3,266
2019.1/4	강동구	둔촌1동	175	298	143	155	283	137	146	15	6	9	1.62	98
2019.1/4	강동구	둔촌2동	11,165	28,056	13,884	14,172	27,929	13,828	14,101	127	56	71	2.5	3,811
2019.1/4	강동구	암사1동	16,294	37,621	18,700	18,921	37,286	18,570	18,716	335	130	205	2.29	5,468
2019.1/4	강동구	천호2동	17,654	36,228	18,143	18,085	35,443	17,738	17,705	785	405	380	2.01	5,616
2019.1/4	강동구	길동	20,314	46,839	22,948	23,891	46,501	22,818	23,683	338	130	208	2.29	6,773