기간	자치구	동	세대	계	계	계	한국인	한국인	한국인	등록외국인	등록외국인	등록외국인	세대당인구	65세이상고령자
기간	자치구	동	세대	인구	남자	여자	인구	남자	여자	인구	남자	여자	세대당인구	65세이상고령자
2008.2/4	합계	합계	4,075,336	10,450,784	5,185,567	5,265,217	10,196,863	5,062,784	5,134,079	253,921	122,783	131,138	2.5	869,676
2008.2/4	종로구	합계	73,746	178,131	88,895	89,236	169,362	84,703	84,659	8,769	4,192	4,577	2.3	19,565
2008.2/4	종로구	청운동	1,661	4,829	2,459	2,370	4,681	2,396	2,285	148	63	85	2.82	509
2008.2/4	종로구	효자동	4,823	12,205	5,887	6,318	12,104	5,857	6,247	101	30	71	2.51	1,421
2008.2/4	종로구	사직동	4,274	10,113	4,818	5,295	9,597	4,548	5,049	516	270	246	2.25	1,301
2008.2/4	종로구	삼청동	1,736	3,948	1,915	2,033	3,808	1,838	1,970	140	77	63	2.19	586
2008.2/4	종로구	부암동	4,584	11,923	5,926	5,997	11,598	5,772	5,826	325	154	171	2.53	1,416
2008.2/4	종로구	평창동	7,014	19,760	9,592	10,168	19,384	9,408	9,976	376	184	192	2.76	2,246
2008.2/4	종로구	무악동	3,083	8,518	4,112	4,406	8,446	4,080	4,366	72	32	40	2.74	831
2008.2/4	종로구	교남동	4,378	9,354	4,558	4,796	9,120	4,449	4,671	234	109	125	2.08	1,047
2008.2/4	종로구	가회동	2,502	6,011	2,900	3,111	5,833	2,821	3,012	178	79	99	2.33	782
2008.2/4	종로구	종로1.2.3.4가동	4,350	8,493	4,727	3,766	7,145	4,033	3,112	1,348	694	654	1.64	1,184
2008.2/4	종로구	종로5·6가동	3,023	6,900	3,649	3,251	6,532	3,486	3,046	368	163	205	2.16	825
2008.2/4	종로구	이화동	4,520	10,512	5,096	5,416	9,549	4,635	4,914	963	461	502	2.11	923
2008.2/4	종로구	혜화동	5,620	12,950	6,281	6,669	12,292	5,995	6,297	658	286	372	2.19	1,235
2008.2/4	종로구	명륜3가동	3,715	7,376	3,996	3,380	6,760	3,722	3,038	616	274	342	1.82	782
2008.2/4	종로구	창신1동	3,452	8,504	4,342	4,162	7,058	3,635	3,423	1,446	707	739	2.04	793
2008.2/4	종로구	창신2동	5,032	12,375	6,274	6,101	11,936	6,069	5,867	439	205	234	2.37	1,205
2008.2/4	종로구	창신3동	3,166	8,772	4,437	4,335	8,691	4,402	4,289	81	35	46	2.75	799
2008.2/4	종로구	숭인1동	2,840	7,298	3,597	3,701	6,695	3,304	3,391	603	293	310	2.36	693
2008.2/4	종로구	숭인2동	3,973	8,290	4,329	3,961	8,133	4,253	3,880	157	76	81	2.05	987
2008.2/4	중구	합계	58,045	138,934	69,314	69,620	130,540	65,195	65,345	8,394	4,119	4,275	2.25	14,965
2008.2/4	중구	소공동	527	1,614	882	732	995	505	490	619	377	242	1.89	112
2008.2/4	중구	회현동	2,630	5,355	2,933	2,422	4,540	2,463	2,077	815	470	345	1.73	714
2008.2/4	중구	명동	1,301	3,420	1,601	1,819	2,804	1,231	1,573	616	370	246	2.16	446
2008.2/4	중구	필동	2,300	5,055	2,637	2,418	4,661	2,446	2,215	394	191	203	2.03	599
2008.2/4	중구	장충동	2,936	6,299	3,126	3,173	5,846	2,945	2,901	453	181	272	1.99	634
2008.2/4	중구	광희동	2,668	5,996	3,170	2,826	4,965	2,685	2,280	1,031	485	546	1.86	690
2008.2/4	중구	을지로동	1,193	1,957	1,138	819	1,835	1,084	751	122	54	68	1.54	316
2008.2/4	중구	신당1동	3,965	10,307	5,116	5,191	8,247	4,194	4,053	2,060	922	1,138	2.08	872
2008.2/4	중구	신당2동	7,070	16,980	8,371	8,609	16,702	8,239	8,463	278	132	146	2.36	1,674
2008.2/4	중구	신당3동	8,098	20,136	9,729	10,407	19,895	9,618	10,277	241	111	130	2.46	2,228
2008.2/4	중구	신당4동	6,408	16,473	7,995	8,478	16,300	7,920	8,380	173	75	98	2.54	1,741
2008.2/4	중구	신당5동	4,413	10,080	5,083	4,997	9,806	4,959	4,847	274	124	150	2.22	1,155
2008.2/4	중구	신당6동	4,647	12,025	5,895	6,130	11,847	5,817	6,030	178	78	100	2.55	1,190
2008.2/4	중구	황학동	4,293	9,914	5,042	4,872	9,132	4,665	4,467	782	377	405	2.13	1,038
2008.2/4	중구	중림동	5,596	13,323	6,596	6,727	12,965	6,424	6,541	358	172	186	2.32	1,556
2008.2/4	용산구	합계	105,612	249,475	122,775	126,700	236,737	116,121	120,616	12,738	6,654	6,084	2.22	26,345
2008.2/4	용산구	후암동	8,752	20,515	10,198	10,317	19,926	9,934	9,992	589	264	325	2.26	2,082
2008.2/4	용산구	용산2가동	5,799	14,045	7,040	7,005	13,132	6,507	6,625	913	533	380	2.25	1,502
2008.2/4	용산구	남영동	4,446	7,977	4,567	3,410	7,456	4,321	3,135	521	246	275	1.67	921
2008.2/4	용산구	원효로1동	4,645	10,653	5,376	5,277	10,186	5,155	5,031	467	221	246	2.16	1,023
2008.2/4	용산구	원효로2동	6,223	16,445	7,916	8,529	16,216	7,816	8,400	229	100	129	2.58	1,604
2008.2/4	용산구	효창동	4,126	10,690	5,251	5,439	10,549	5,189	5,360	141	62	79	2.53	1,131
2008.2/4	용산구	용문동	4,747	12,825	6,303	6,522	12,641	6,221	6,420	184	82	102	2.63	1,279
2008.2/4	용산구	이촌1동	9,877	28,787	13,742	15,045	26,862	12,672	14,190	1,925	1,070	855	2.69	2,856
2008.2/4	용산구	이촌2동	4,404	10,548	5,046	5,502	10,506	5,026	5,480	42	20	22	2.35	1,200
2008.2/4	용산구	이태원1동	4,355	10,370	5,094	5,276	8,523	4,032	4,491	1,847	1,062	785	1.95	1,174
2008.2/4	용산구	이태원2동	5,170	11,720	5,608	6,112	11,350	5,395	5,955	370	213	157	2.17	1,521
2008.2/4	용산구	서빙고동	4,804	11,880	5,790	6,090	11,377	5,543	5,834	503	247	256	2.35	1,543
2008.2/4	용산구	보광동	8,884	19,389	9,435	9,954	18,600	9,013	9,587	789	422	367	2.08	2,027
2008.2/4	용산구	청파동	10,817	23,673	11,497	12,176	22,940	11,198	11,742	733	299	434	2.1	2,259
2008.2/4	용산구	한강로동	7,184	15,182	7,689	7,493	14,421	7,322	7,099	761	367	394	1.99	1,816
2008.2/4	용산구	한남동	11,379	24,776	12,223	12,553	22,052	10,777	11,275	2,724	1,446	1,278	1.92	2,407
2008.2/4	성동구	합계	133,759	336,190	168,565	167,625	327,370	164,281	163,089	8,820	4,284	4,536	2.42	29,795
2008.2/4	성동구	왕십리1동	4,587	11,473	5,875	5,598	10,804	5,530	5,274	669	345	324	2.34	1,054
2008.2/4	성동구	왕십리2동	7,399	18,990	9,407	9,583	18,813	9,334	9,479	177	73	104	2.52	1,665
2008.2/4	성동구	도선동	4,070	9,927	4,948	4,979	9,598	4,813	4,785	329	135	194	2.33	1,105
2008.2/4	성동구	마장동	10,052	26,499	13,340	13,159	25,970	13,081	12,889	529	259	270	2.56	2,395
2008.2/4	성동구	사근동	5,444	11,984	6,410	5,574	10,849	5,857	4,992	1,135	553	582	1.98	1,089
2008.2/4	성동구	행당1동	7,753	18,428	9,117	9,311	18,189	9,005	9,184	239	112	127	2.32	1,722
2008.2/4	성동구	행당2동	9,062	25,650	12,392	13,258	25,559	12,358	13,201	91	34	57	2.79	2,096
2008.2/4	성동구	응봉동	6,508	17,766	8,523	9,243	17,668	8,483	9,185	98	40	58	2.68	1,607
2008.2/4	성동구	금호1가동	7,176	18,761	9,170	9,591	18,570	9,093	9,477	191	77	114	2.56	1,755
2008.2/4	성동구	금호2가동	4,805	11,793	5,845	5,948	11,646	5,778	5,868	147	67	80	2.41	1,219
2008.2/4	성동구	금호3가동	6,257	15,730	7,590	8,140	15,538	7,502	8,036	192	88	104	2.46	1,591
2008.2/4	성동구	금호4가동	6,590	15,938	7,906	8,032	15,661	7,782	7,879	277	124	153	2.35	1,454
2008.2/4	성동구	옥수1동	4,791	11,748	6,027	5,721	11,148	5,737	5,411	600	290	310	2.31	1,297
2008.2/4	성동구	옥수2동	7,129	17,911	8,581	9,330	17,779	8,518	9,261	132	63	69	2.46	1,764
2008.2/4	성동구	성수1가1동	7,465	19,447	10,013	9,434	18,801	9,675	9,126	646	338	308	2.49	1,352
2008.2/4	성동구	성수1가2동	8,276	19,783	10,028	9,755	19,480	9,874	9,606	303	154	149	2.33	1,449
2008.2/4	성동구	성수2가1동	8,341	21,174	11,005	10,169	20,013	10,414	9,599	1,161	591	570	2.38	1,593
2008.2/4	성동구	성수2가3동	5,181	12,578	6,448	6,130	12,147	6,198	5,949	431	250	181	2.32	1,065
2008.2/4	성동구	송정동	5,436	12,464	6,577	5,887	11,989	6,355	5,634	475	222	253	2.19	960
2008.2/4	성동구	용답동	7,437	18,146	9,363	8,783	17,148	8,894	8,254	998	469	529	2.29	1,563
2008.2/4	광진구	합계	155,265	388,357	192,486	195,871	377,180	187,248	189,932	11,177	5,238	5,939	2.41	27,677
2008.2/4	광진구	화양동	11,868	23,388	11,592	11,796	21,465	10,669	10,796	1,923	923	1,000	1.8	1,573
2008.2/4	광진구	군자동	9,870	22,510	11,363	11,147	21,864	11,069	10,795	646	294	352	2.2	1,766
2008.2/4	광진구	중곡1동	7,399	17,733	8,789	8,944	17,025	8,482	8,543	708	307	401	2.28	1,306
2008.2/4	광진구	중곡2동	9,111	23,097	11,349	11,748	22,924	11,282	11,642	173	67	106	2.5	1,656
2008.2/4	광진구	중곡3동	8,272	20,272	10,142	10,130	20,117	10,074	10,043	155	68	87	2.41	1,495
2008.2/4	광진구	중곡4동	12,242	32,704	16,277	16,427	32,568	16,218	16,350	136	59	77	2.64	2,471
2008.2/4	광진구	능동	4,958	10,918	5,320	5,598	10,701	5,218	5,483	217	102	115	2.13	902
2008.2/4	광진구	구의1동	10,796	24,576	11,972	12,604	23,468	11,451	12,017	1,108	521	587	2.15	1,794
2008.2/4	광진구	구의2동	10,279	26,760	13,267	13,493	26,527	13,185	13,342	233	82	151	2.56	2,205
2008.2/4	광진구	구의3동	11,508	30,425	14,827	15,598	30,292	14,776	15,516	133	51	82	2.61	2,118
2008.2/4	광진구	광장동	12,224	36,576	17,884	18,692	36,221	17,715	18,506	355	169	186	2.94	2,291
2008.2/4	광진구	자양1동	10,968	26,256	13,003	13,253	24,740	12,299	12,441	1,516	704	812	2.23	1,943
2008.2/4	광진구	자양2동	11,415	29,686	14,904	14,782	29,532	14,832	14,700	154	72	82	2.56	1,999
2008.2/4	광진구	자양3동	11,403	32,314	16,049	16,265	31,784	15,786	15,998	530	263	267	2.76	1,847
2008.2/4	광진구	자양4동	12,952	31,142	15,748	15,394	27,952	14,192	13,760	3,190	1,556	1,634	2.14	2,311
2008.2/4	동대문구	합계	157,461	386,011	193,924	192,087	375,177	189,049	186,128	10,834	4,875	5,959	2.36	37,800
2008.2/4	동대문구	신설동	4,056	9,733	4,983	4,750	8,853	4,583	4,270	880	400	480	2.17	1,004
2008.2/4	동대문구	용두1동	4,309	9,204	4,777	4,427	8,739	4,560	4,179	465	217	248	2.02	1,280
2008.2/4	동대문구	용두2동	4,839	10,592	5,506	5,086	10,312	5,375	4,937	280	131	149	2.12	1,183
2008.2/4	동대문구	제기1동	6,002	14,260	7,205	7,055	13,400	6,826	6,574	860	379	481	2.21	1,807
2008.2/4	동대문구	제기2동	7,204	16,561	8,432	8,129	16,269	8,297	7,972	292	135	157	2.24	1,910
2008.2/4	동대문구	전농1동	6,211	15,229	7,679	7,550	14,644	7,430	7,214	585	249	336	2.34	1,663
2008.2/4	동대문구	전농2동	3,622	7,080	3,838	3,242	7,023	3,815	3,208	57	23	34	1.93	856
2008.2/4	동대문구	전농3동	7,110	19,630	9,704	9,926	19,539	9,665	9,874	91	39	52	2.73	1,979
2008.2/4	동대문구	전농4동	5,624	13,387	6,800	6,587	13,268	6,753	6,515	119	47	72	2.35	1,436
2008.2/4	동대문구	답십리1동	4,527	11,561	5,760	5,801	11,071	5,551	5,520	490	209	281	2.43	1,024
2008.2/4	동대문구	답십리2동	5,734	15,700	7,832	7,868	15,617	7,793	7,824	83	39	44	2.7	1,511
2008.2/4	동대문구	답십리3동	2,016	4,951	2,505	2,446	4,900	2,474	2,426	51	31	20	2.41	662
2008.2/4	동대문구	답십리4동	5,828	15,608	7,756	7,852	15,476	7,700	7,776	132	56	76	2.63	1,404
2008.2/4	동대문구	답십리5동	4,533	10,728	5,478	5,250	10,554	5,410	5,144	174	68	106	2.3	1,038
2008.2/4	동대문구	장안1동	7,742	19,145	9,692	9,453	18,320	9,356	8,964	825	336	489	2.35	1,626
2008.2/4	동대문구	장안2동	6,451	17,739	9,021	8,718	17,632	8,982	8,650	107	39	68	2.7	1,140
2008.2/4	동대문구	장안3동	6,455	18,158	9,055	9,103	18,058	9,015	9,043	100	40	60	2.77	1,355
2008.2/4	동대문구	장안4동	5,927	15,010	7,523	7,487	14,904	7,489	7,415	106	34	72	2.5	1,424
2008.2/4	동대문구	청량리1동	5,787	15,321	7,609	7,712	14,745	7,352	7,393	576	257	319	2.53	1,974
2008.2/4	동대문구	청량리2동	4,958	11,020	5,538	5,482	10,634	5,352	5,282	386	186	200	2.13	1,472
2008.2/4	동대문구	회기동	5,520	12,074	5,915	6,159	11,079	5,452	5,627	995	463	532	1.99	1,084
2008.2/4	동대문구	휘경1동	8,091	18,401	9,182	9,219	17,442	8,747	8,695	959	435	524	2.14	1,637
2008.2/4	동대문구	휘경2동	10,016	25,662	12,645	13,017	25,492	12,563	12,929	170	82	88	2.52	2,144
2008.2/4	동대문구	이문1동	6,593	15,532	7,730	7,802	14,191	7,066	7,125	1,341	664	677	2.13	1,363
2008.2/4	동대문구	이문2동	9,396	19,722	9,847	9,875	19,164	9,597	9,567	558	250	308	2.03	1,805
2008.2/4	동대문구	이문3동	8,910	24,003	11,912	12,091	23,851	11,846	12,005	152	66	86	2.64	2,019
2008.2/4	중랑구	합계	169,669	432,661	216,059	216,602	427,708	214,085	213,623	4,953	1,974	2,979	2.5	36,128
2008.2/4	중랑구	면목2동	11,713	28,827	14,561	14,266	28,615	14,476	14,139	212	85	127	2.42	2,327
2008.2/4	중랑구	면목4동	10,207	24,305	11,803	12,502	24,137	11,730	12,407	168	73	95	2.34	1,993
2008.2/4	중랑구	면목5동	6,174	15,038	7,664	7,374	14,906	7,620	7,286	132	44	88	2.39	1,323
2008.2/4	중랑구	면목7동	10,593	26,936	13,474	13,462	26,782	13,419	13,363	154	55	99	2.5	2,252
2008.2/4	중랑구	상봉1동	9,292	26,710	13,214	13,496	26,331	13,049	13,282	379	165	214	2.81	2,025
2008.2/4	중랑구	상봉2동	8,703	19,197	9,718	9,479	18,997	9,632	9,365	200	86	114	2.16	1,691
2008.2/4	중랑구	중화1동	8,144	22,756	11,333	11,423	22,202	11,113	11,089	554	220	334	2.7	1,685
2008.2/4	중랑구	중화2동	14,515	32,934	16,758	16,176	32,513	16,578	15,935	421	180	241	2.22	2,955
2008.2/4	중랑구	묵1동	12,595	35,008	17,294	17,714	34,699	17,172	17,527	309	122	187	2.73	2,973
2008.2/4	중랑구	묵2동	8,153	20,472	10,380	10,092	20,368	10,345	10,023	104	35	69	2.48	1,782
2008.2/4	중랑구	망우3동	8,178	20,364	10,261	10,103	20,244	10,219	10,025	120	42	78	2.46	1,704
2008.2/4	중랑구	신내1동	9,982	29,351	14,600	14,751	29,072	14,468	14,604	279	132	147	2.89	2,414
2008.2/4	중랑구	신내2동	9,401	26,408	12,938	13,470	26,365	12,921	13,444	43	17	26	2.77	2,063
2008.2/4	중랑구	면목본동	15,554	38,620	19,107	19,513	37,405	18,647	18,758	1,215	460	755	2.39	3,123
2008.2/4	중랑구	면목3.8동	12,684	30,964	15,551	15,413	30,769	15,470	15,299	195	81	114	2.41	2,701
2008.2/4	중랑구	망우본동	13,781	34,771	17,403	17,368	34,303	17,226	17,077	468	177	291	2.47	3,117
2008.2/4	성북구	합계	189,155	480,301	237,893	242,408	472,496	234,443	238,053	7,805	3,450	4,355	2.47	45,879
2008.2/4	성북구	돈암1동	6,633	18,006	8,758	9,248	17,956	8,739	9,217	50	19	31	2.68	1,713
2008.2/4	성북구	돈암2동	8,653	24,714	12,058	12,656	24,669	12,042	12,627	45	16	29	2.82	2,165
2008.2/4	성북구	안암동	8,575	18,782	9,569	9,213	17,462	8,945	8,517	1,320	624	696	2.02	1,587
2008.2/4	성북구	보문동	7,615	17,870	8,878	8,992	17,518	8,737	8,781	352	141	211	2.28	1,774
2008.2/4	성북구	정능1동	6,672	18,838	8,990	9,848	18,178	8,706	9,472	660	284	376	2.7	1,904
2008.2/4	성북구	정능2동	9,296	24,428	12,201	12,227	24,338	12,158	12,180	90	43	47	2.59	2,478
2008.2/4	성북구	정능3동	8,154	19,343	9,642	9,701	19,166	9,574	9,592	177	68	109	2.33	2,193
2008.2/4	성북구	정능4동	10,688	28,360	14,043	14,317	28,197	13,964	14,233	163	79	84	2.61	2,665
2008.2/4	성북구	길음1동	10,186	28,973	14,064	14,909	28,726	13,959	14,767	247	105	142	2.78	2,118
2008.2/4	성북구	길음2동	8,968	21,167	10,351	10,816	21,075	10,310	10,765	92	41	51	2.33	2,118
2008.2/4	성북구	월곡1동	10,248	27,657	13,783	13,874	27,148	13,576	13,572	509	207	302	2.62	2,410
2008.2/4	성북구	월곡2동	8,273	21,860	10,849	11,011	21,629	10,754	10,875	231	95	136	2.59	2,112
2008.2/4	성북구	장위1동	10,757	28,215	14,085	14,130	27,639	13,825	13,814	576	260	316	2.55	2,497
2008.2/4	성북구	장위2동	9,876	24,716	12,513	12,203	24,593	12,464	12,129	123	49	74	2.47	2,435
2008.2/4	성북구	장위3동	7,912	19,156	9,857	9,299	18,962	9,762	9,200	194	95	99	2.38	2,021
2008.2/4	성북구	성북동	8,225	19,913	9,640	10,273	19,186	9,320	9,866	727	320	407	2.31	2,410
2008.2/4	성북구	삼선동	11,613	27,869	13,645	14,224	27,079	13,282	13,797	790	363	427	2.31	2,761
2008.2/4	성북구	동선동	7,289	15,544	7,213	8,331	15,250	7,092	8,158	294	121	173	2.08	1,605
2008.2/4	성북구	종암동	14,481	36,897	18,623	18,274	36,439	18,415	18,024	458	208	250	2.49	3,413
2008.2/4	성북구	석관동	15,041	37,993	19,131	18,862	37,286	18,819	18,467	707	312	395	2.46	3,500
2008.2/4	강북구	합계	135,640	346,477	171,635	174,842	343,043	170,322	172,721	3,434	1,313	2,121	2.51	35,692
2008.2/4	강북구	번1동	8,574	20,431	10,048	10,383	20,083	9,916	10,167	348	132	216	2.33	1,998
2008.2/4	강북구	번2동	8,221	21,407	10,576	10,831	21,311	10,548	10,763	96	28	68	2.57	2,157
2008.2/4	강북구	번3동	7,786	22,436	10,893	11,543	22,375	10,873	11,502	61	20	41	2.85	2,497
2008.2/4	강북구	수유1동	9,433	23,796	11,958	11,838	23,247	11,749	11,498	549	209	340	2.45	2,462
2008.2/4	강북구	수유2동	9,089	23,813	11,735	12,078	23,712	11,703	12,009	101	32	69	2.59	2,744
2008.2/4	강북구	수유3동	10,410	24,351	12,080	12,271	24,136	11,987	12,149	215	93	122	2.3	2,669
2008.2/4	강북구	삼양동	13,260	33,890	16,931	16,959	33,052	16,619	16,433	838	312	526	2.47	3,194
2008.2/4	강북구	미아동	10,186	24,979	12,484	12,495	24,727	12,381	12,346	252	103	149	2.41	2,375
2008.2/4	강북구	송중동	14,260	36,707	18,025	18,682	36,412	17,908	18,504	295	117	178	2.53	3,583
2008.2/4	강북구	송천동	13,744	33,343	16,595	16,748	33,082	16,488	16,594	261	107	154	2.39	3,574
2008.2/4	강북구	삼각산동	8,546	24,880	12,348	12,532	24,807	12,318	12,489	73	30	43	2.87	1,898
2008.2/4	강북구	우이동	8,638	22,016	11,045	10,971	21,865	10,985	10,880	151	60	91	2.51	2,662
2008.2/4	강북구	인수동	13,493	34,428	16,917	17,511	34,234	16,847	17,387	194	70	124	2.52	3,879
2008.2/4	도봉구	합계	139,292	378,275	187,425	190,850	375,532	186,303	189,229	2,743	1,122	1,621	2.67	33,800
2008.2/4	도봉구	쌍문1동	8,965	23,972	11,885	12,087	23,548	11,718	11,830	424	167	257	2.61	2,483
2008.2/4	도봉구	쌍문2동	8,276	21,934	10,841	11,093	21,830	10,805	11,025	104	36	68	2.62	1,992
2008.2/4	도봉구	쌍문3동	7,421	19,228	9,410	9,818	19,124	9,365	9,759	104	45	59	2.55	1,798
2008.2/4	도봉구	쌍문4동	7,496	22,232	10,824	11,408	22,200	10,814	11,386	32	10	22	2.94	1,718
2008.2/4	도봉구	방학1동	11,956	33,607	16,759	16,848	33,140	16,566	16,574	467	193	274	2.75	2,671
2008.2/4	도봉구	방학2동	9,694	24,956	12,620	12,336	24,805	12,561	12,244	151	59	92	2.54	2,296
2008.2/4	도봉구	방학3동	10,980	33,157	16,403	16,754	33,104	16,380	16,724	53	23	30	2.99	2,732
2008.2/4	도봉구	창1동	11,009	30,019	14,685	15,334	29,472	14,444	15,028	547	241	306	2.65	2,602
2008.2/4	도봉구	창2동	12,271	32,145	15,907	16,238	31,945	15,808	16,137	200	99	101	2.58	2,593
2008.2/4	도봉구	창3동	6,630	16,897	8,503	8,394	16,827	8,481	8,346	70	22	48	2.52	1,495
2008.2/4	도봉구	창4동	11,373	31,531	15,374	16,157	31,477	15,349	16,128	54	25	29	2.74	2,490
2008.2/4	도봉구	창5동	10,262	28,970	14,268	14,702	28,876	14,229	14,647	94	39	55	2.79	2,325
2008.2/4	도봉구	도봉1동	10,717	26,419	13,371	13,048	26,058	13,231	12,827	361	140	221	2.42	3,093
2008.2/4	도봉구	도봉2동	12,242	33,208	16,575	16,633	33,126	16,552	16,574	82	23	59	2.68	3,512
2008.2/4	노원구	합계	223,648	620,608	304,242	316,366	615,901	302,196	313,705	4,707	2,046	2,661	2.73	51,728
2008.2/4	노원구	월계1동	6,943	19,573	9,738	9,835	18,706	9,340	9,366	867	398	469	2.66	1,659
2008.2/4	노원구	월계2동	10,622	28,153	13,741	14,412	28,048	13,701	14,347	105	40	65	2.61	2,756
2008.2/4	노원구	월계3동	9,701	27,702	13,728	13,974	27,664	13,714	13,950	38	14	24	2.81	2,162
2008.2/4	노원구	월계4동	8,799	20,797	10,427	10,370	20,616	10,352	10,264	181	75	106	2.32	2,372
2008.2/4	노원구	공릉2동	16,511	47,314	23,479	23,835	46,900	23,296	23,604	414	183	231	2.81	3,165
2008.2/4	노원구	하계1동	11,459	31,808	15,415	16,393	31,602	15,307	16,295	206	108	98	2.75	2,887
2008.2/4	노원구	하계2동	8,880	26,864	13,118	13,746	26,825	13,102	13,723	39	16	23	3	2,043
2008.2/4	노원구	중계본동	10,116	31,339	15,491	15,848	30,810	15,241	15,569	529	250	279	3.03	2,100
2008.2/4	노원구	중계1동	9,899	31,687	15,564	16,123	31,628	15,545	16,083	59	19	40	3.18	1,800
2008.2/4	노원구	중계2동	6,537	18,807	9,022	9,785	18,794	9,018	9,776	13	4	9	2.84	1,641
2008.2/4	노원구	중계3동	9,013	24,554	11,583	12,971	24,457	11,538	12,919	97	45	52	2.69	3,057
2008.2/4	노원구	중계4동	8,547	24,625	11,984	12,641	23,949	11,714	12,235	676	270	406	2.78	2,235
2008.2/4	노원구	상계1동	14,254	41,244	20,442	20,802	41,117	20,387	20,730	127	55	72	2.86	3,485
2008.2/4	노원구	상계2동	8,384	22,976	11,403	11,573	22,884	11,366	11,518	92	37	55	2.71	1,856
2008.2/4	노원구	상계5동	9,267	25,139	12,358	12,781	25,027	12,315	12,712	112	43	69	2.68	2,291
2008.2/4	노원구	상계8동	9,510	27,718	13,487	14,231	27,690	13,480	14,210	28	7	21	2.87	1,850
2008.2/4	노원구	상계9동	9,223	25,863	12,641	13,222	25,823	12,632	13,191	40	9	31	2.77	1,905
2008.2/4	노원구	상계10동	8,110	21,451	10,237	11,214	21,425	10,230	11,195	26	7	19	2.61	1,596
2008.2/4	노원구	공릉1.3동	16,316	42,220	20,757	21,463	41,438	20,393	21,045	782	364	418	2.51	3,277
2008.2/4	노원구	상계3.4동	16,792	42,392	21,338	21,054	42,220	21,283	20,937	172	55	117	2.49	4,695
2008.2/4	노원구	상계6.7동	14,765	38,382	18,289	20,093	38,278	18,242	20,036	104	47	57	2.56	2,896
2008.2/4	은평구	합계	180,014	457,464	226,026	231,438	452,727	224,052	228,675	4,737	1,974	2,763	2.49	44,217
2008.2/4	은평구	녹번동	15,481	36,771	17,963	18,808	36,271	17,743	18,528	500	220	280	2.32	3,692
2008.2/4	은평구	불광1동	14,307	35,062	17,145	17,917	34,657	16,971	17,686	405	174	231	2.4	3,700
2008.2/4	은평구	불광2동	13,479	33,026	16,379	16,647	32,787	16,285	16,502	239	94	145	2.42	3,386
2008.2/4	은평구	갈현1동	10,712	27,500	13,593	13,907	27,128	13,444	13,684	372	149	223	2.52	2,498
2008.2/4	은평구	갈현2동	10,618	28,149	13,656	14,493	27,937	13,564	14,373	212	92	120	2.61	2,508
2008.2/4	은평구	구산동	11,233	33,195	17,141	16,054	33,044	17,088	15,956	151	53	98	2.92	3,204
2008.2/4	은평구	대조동	13,237	32,003	15,454	16,549	31,618	15,282	16,336	385	172	213	2.37	3,270
2008.2/4	은평구	응암1동	13,620	33,879	16,584	17,295	33,137	16,280	16,857	742	304	438	2.41	3,114
2008.2/4	은평구	응암2동	10,019	23,529	11,763	11,766	23,433	11,725	11,708	96	38	58	2.32	2,482
2008.2/4	은평구	응암3동	11,471	28,111	13,991	14,120	27,885	13,911	13,974	226	80	146	2.41	3,018
2008.2/4	은평구	신사1동	10,246	27,757	13,658	14,099	27,322	13,451	13,871	435	207	228	2.64	2,388
2008.2/4	은평구	신사2동	9,366	24,795	12,629	12,166	24,714	12,594	12,120	81	35	46	2.62	2,074
2008.2/4	은평구	증산동	8,544	22,229	11,112	11,117	22,040	11,047	10,993	189	65	124	2.55	2,066
2008.2/4	은평구	수색동	8,478	21,343	10,590	10,753	21,077	10,481	10,596	266	109	157	2.46	2,363
2008.2/4	은평구	진관동	1,420	3,708	1,861	1,847	3,647	1,836	1,811	61	25	36	2.54	463
2008.2/4	은평구	역촌동	17,783	46,407	22,507	23,900	46,030	22,350	23,680	377	157	220	2.56	3,991
2008.2/4	서대문구	합계	142,356	351,386	171,695	179,691	342,325	167,523	174,802	9,061	4,172	4,889	2.38	36,421
2008.2/4	서대문구	천연동	7,904	19,407	9,510	9,897	19,176	9,415	9,761	231	95	136	2.4	2,211
2008.2/4	서대문구	홍제1동	11,518	29,426	14,203	15,223	28,816	13,922	14,894	610	281	329	2.48	3,110
2008.2/4	서대문구	홍제2동	6,036	20,965	10,240	10,725	20,879	10,208	10,671	86	32	54	2.69	2,438
2008.2/4	서대문구	홍제3동	8,328	16,481	7,977	8,504	16,339	7,918	8,421	142	59	83	2.49	1,633
2008.2/4	서대문구	홍은1동	11,199	29,745	14,732	15,013	29,113	14,435	14,678	632	297	335	2.58	3,271
2008.2/4	서대문구	홍은2동	11,365	29,630	14,590	15,040	29,295	14,416	14,879	335	174	161	2.56	2,982
2008.2/4	서대문구	남가좌1동	6,689	15,662	7,758	7,904	15,105	7,511	7,594	557	247	310	2.24	1,856
2008.2/4	서대문구	남가좌2동	12,364	31,212	15,368	15,844	30,995	15,272	15,723	217	96	121	2.49	3,086
2008.2/4	서대문구	북가좌1동	6,381	16,239	8,149	8,090	15,912	8,015	7,897	327	134	193	2.47	1,621
2008.2/4	서대문구	북가좌2동	12,800	33,619	16,614	17,005	33,506	16,571	16,935	113	43	70	2.59	3,219
2008.2/4	서대문구	충현동	10,441	23,775	11,778	11,997	23,515	11,652	11,863	260	126	134	2.24	2,656
2008.2/4	서대문구	북아현동	9,001	20,370	9,785	10,585	19,773	9,501	10,272	597	284	313	2.18	1,944
2008.2/4	서대문구	신촌동	10,139	20,836	9,464	11,372	18,450	8,426	10,024	2,386	1,038	1,348	1.8	1,794
2008.2/4	서대문구	연희동	18,191	44,019	21,527	22,492	41,451	20,261	21,190	2,568	1,266	1,302	2.26	4,600
2008.2/4	마포구	합계	168,365	400,349	195,968	204,381	392,129	191,996	200,133	8,220	3,972	4,248	2.3	36,441
2008.2/4	마포구	용강동	9,072	22,304	10,870	11,434	22,076	10,760	11,316	228	110	118	2.4	1,999
2008.2/4	마포구	대흥동	9,042	17,194	8,390	8,804	16,139	7,893	8,246	1,055	497	558	1.77	1,645
2008.2/4	마포구	염리동	8,439	19,656	9,613	10,043	19,053	9,324	9,729	603	289	314	2.24	1,844
2008.2/4	마포구	신수동	9,450	22,763	11,375	11,388	22,319	11,140	11,179	444	235	209	2.33	2,041
2008.2/4	마포구	서교동	16,012	30,717	14,384	16,333	30,100	14,094	16,006	617	290	327	1.87	2,720
2008.2/4	마포구	합정동	9,178	21,608	10,652	10,956	21,287	10,502	10,785	321	150	171	2.28	1,941
2008.2/4	마포구	망원1동	9,978	24,845	12,270	12,575	24,354	12,062	12,292	491	208	283	2.42	2,129
2008.2/4	마포구	망원2동	8,284	21,390	10,552	10,838	21,304	10,515	10,789	86	37	49	2.55	1,799
2008.2/4	마포구	연남동	8,801	20,830	10,177	10,653	19,755	9,636	10,119	1,075	541	534	2.23	1,951
2008.2/4	마포구	성산1동	8,192	20,431	10,093	10,338	20,013	9,911	10,102	418	182	236	2.42	1,784
2008.2/4	마포구	성산2동	15,468	41,375	20,178	21,197	41,249	20,122	21,127	126	56	70	2.63	3,463
2008.2/4	마포구	상암동	7,748	21,445	10,728	10,717	21,319	10,652	10,667	126	76	50	2.71	1,727
2008.2/4	마포구	도화동	9,105	23,974	11,646	12,328	23,509	11,387	12,122	465	259	206	2.56	2,518
2008.2/4	마포구	서강동	11,764	26,509	12,832	13,677	26,042	12,601	13,441	467	231	236	2.19	2,068
2008.2/4	마포구	공덕동	16,632	39,573	19,522	20,051	38,271	18,926	19,345	1,302	596	706	2.28	4,105
2008.2/4	마포구	아현동	11,200	25,735	12,686	13,049	25,339	12,471	12,868	396	215	181	2.24	2,707
2008.2/4	양천구	합계	182,221	507,831	253,209	254,622	502,355	250,697	251,658	5,476	2,512	2,964	2.73	34,579
2008.2/4	양천구	목1동	10,304	31,598	15,490	16,108	31,335	15,349	15,986	263	141	122	3.02	1,699
2008.2/4	양천구	목2동	11,963	32,124	15,973	16,151	31,845	15,846	15,999	279	127	152	2.64	2,292
2008.2/4	양천구	목3동	9,275	23,699	11,688	12,011	23,533	11,624	11,909	166	64	102	2.51	1,646
2008.2/4	양천구	목4동	10,512	29,494	14,800	14,694	29,271	14,699	14,572	223	101	122	2.77	1,851
2008.2/4	양천구	목5동	6,963	22,164	10,988	11,176	22,070	10,945	11,125	94	43	51	3.16	1,240
2008.2/4	양천구	목6동	7,931	25,606	12,706	12,900	25,532	12,670	12,862	74	36	38	3.21	1,411
2008.2/4	양천구	신월1동	10,060	25,297	12,949	12,348	24,965	12,817	12,148	332	132	200	2.46	1,738
2008.2/4	양천구	신월2동	8,861	23,963	12,056	11,907	23,825	12,003	11,822	138	53	85	2.66	1,801
2008.2/4	양천구	신월3동	7,813	18,655	9,570	9,085	18,359	9,455	8,904	296	115	181	2.33	1,461
2008.2/4	양천구	신월4동	6,514	18,709	9,402	9,307	18,590	9,359	9,231	119	43	76	2.82	1,426
2008.2/4	양천구	신월5동	5,749	15,168	7,541	7,627	14,990	7,464	7,526	178	77	101	2.59	1,135
2008.2/4	양천구	신월6동	6,042	15,661	7,903	7,758	15,494	7,839	7,655	167	64	103	2.54	1,176
2008.2/4	양천구	신월7동	9,547	26,675	13,376	13,299	26,456	13,292	13,164	219	84	135	2.74	2,226
2008.2/4	양천구	신정1동	8,661	25,372	12,584	12,788	24,729	12,256	12,473	643	328	315	2.84	1,647
2008.2/4	양천구	신정2동	7,530	23,438	11,663	11,775	23,152	11,523	11,629	286	140	146	3.06	1,507
2008.2/4	양천구	신정3동	19,068	51,085	25,400	25,685	50,185	24,962	25,223	900	438	462	2.6	3,311
2008.2/4	양천구	신정4동	7,196	17,906	8,910	8,996	17,617	8,786	8,831	289	124	165	2.42	1,262
2008.2/4	양천구	신정5동	7,702	18,892	9,421	9,471	18,612	9,299	9,313	280	122	158	2.4	1,445
2008.2/4	양천구	신정6동	8,850	28,077	13,836	14,241	27,957	13,772	14,185	120	64	56	3.14	1,515
2008.2/4	양천구	신정7동	11,680	34,248	16,953	17,295	33,838	16,737	17,101	410	216	194	2.88	2,790
2008.2/4	강서구	합계	219,787	579,188	286,076	293,112	572,374	282,756	289,618	6,814	3,320	3,494	2.58	44,057
2008.2/4	강서구	염창동	14,153	42,165	20,930	21,235	41,924	20,808	21,116	241	122	119	2.93	2,406
2008.2/4	강서구	등촌1동	8,306	21,772	10,833	10,939	21,287	10,618	10,669	485	215	270	2.53	1,560
2008.2/4	강서구	등촌2동	8,276	23,016	11,561	11,455	22,946	11,530	11,416	70	31	39	2.75	1,538
2008.2/4	강서구	등촌3동	14,781	39,184	18,798	20,386	39,096	18,766	20,330	88	32	56	2.63	3,840
2008.2/4	강서구	화곡본동	14,171	35,289	17,399	17,890	35,010	17,268	17,742	279	131	148	2.44	2,297
2008.2/4	강서구	화곡1동	8,867	22,960	11,357	11,603	21,569	10,798	10,771	1,391	559	832	2.41	1,665
2008.2/4	강서구	화곡2동	7,932	20,683	10,241	10,442	20,538	10,180	10,358	145	61	84	2.56	1,391
2008.2/4	강서구	화곡3동	8,749	24,248	11,894	12,354	24,105	11,831	12,274	143	63	80	2.73	1,821
2008.2/4	강서구	화곡4동	9,166	22,922	11,431	11,491	22,716	11,332	11,384	206	99	107	2.46	1,742
2008.2/4	강서구	화곡5동	9,675	26,132	12,891	13,241	26,007	12,836	13,171	125	55	70	2.66	1,595
2008.2/4	강서구	화곡6동	9,671	24,868	12,252	12,616	24,740	12,201	12,539	128	51	77	2.53	1,720
2008.2/4	강서구	화곡7동	11,273	29,103	14,447	14,656	28,843	14,339	14,504	260	108	152	2.53	2,054
2008.2/4	강서구	화곡8동	10,779	27,542	13,590	13,952	27,319	13,489	13,830	223	101	122	2.5	1,970
2008.2/4	강서구	가양1동	7,776	22,395	11,405	10,990	21,788	11,058	10,730	607	347	260	2.77	1,443
2008.2/4	강서구	가양2동	7,915	19,213	9,264	9,949	19,166	9,249	9,917	47	15	32	2.41	2,241
2008.2/4	강서구	가양3동	7,815	20,260	9,814	10,446	20,176	9,780	10,396	84	34	50	2.55	2,149
2008.2/4	강서구	발산1동	9,704	27,913	13,579	14,334	27,684	13,472	14,212	229	107	122	2.83	1,858
2008.2/4	강서구	발산2동	6,589	19,441	9,444	9,997	19,413	9,433	9,980	28	11	17	2.92	1,081
2008.2/4	강서구	공항동	9,741	22,794	11,785	11,009	21,807	11,080	10,727	987	705	282	2.21	1,945
2008.2/4	강서구	방화1동	11,783	31,469	15,863	15,606	30,773	15,539	15,234	696	324	372	2.58	2,323
2008.2/4	강서구	방화2동	11,016	27,061	13,393	13,668	26,841	13,300	13,541	220	93	127	2.41	2,713
2008.2/4	강서구	방화3동	11,649	28,758	13,905	14,853	28,626	13,849	14,777	132	56	76	2.43	2,705
2008.2/4	구로구	합계	165,058	449,457	227,310	222,147	421,470	212,882	208,588	27,987	14,428	13,559	2.53	33,276
2008.2/4	구로구	신도림동	12,733	36,724	18,321	18,403	36,373	18,126	18,247	351	195	156	2.82	2,287
2008.2/4	구로구	구로1동	7,995	27,877	13,965	13,912	23,302	11,607	11,695	4,575	2,358	2,217	2.88	1,274
2008.2/4	구로구	구로2동	7,515	18,562	9,544	9,018	16,637	8,547	8,090	1,925	997	928	2.2	1,599
2008.2/4	구로구	구로3동	11,762	27,343	13,853	13,490	26,312	13,317	12,995	1,031	536	495	2.2	1,745
2008.2/4	구로구	구로4동	11,558	30,978	15,538	15,440	27,234	13,667	13,567	3,744	1,871	1,873	2.33	2,504
2008.2/4	구로구	구로5동	12,550	34,819	17,601	17,218	32,004	16,143	15,861	2,815	1,458	1,357	2.52	2,377
2008.2/4	구로구	구로본동	7,896	21,073	10,722	10,351	18,519	9,363	9,156	2,554	1,359	1,195	2.32	1,656
2008.2/4	구로구	고척1동	9,576	26,772	13,550	13,222	26,260	13,276	12,984	512	274	238	2.72	2,118
2008.2/4	구로구	고척2동	10,866	28,766	14,675	14,091	28,514	14,555	13,959	252	120	132	2.6	2,314
2008.2/4	구로구	개봉1동	6,702	17,988	9,088	8,900	17,273	8,752	8,521	715	336	379	2.55	1,426
2008.2/4	구로구	개봉2동	12,989	36,589	18,129	18,460	36,386	18,040	18,346	203	89	114	2.77	2,770
2008.2/4	구로구	개봉3동	8,503	22,998	11,508	11,490	22,856	11,451	11,405	142	57	85	2.66	1,688
2008.2/4	구로구	개봉본동	8,040	20,888	10,499	10,389	20,608	10,357	10,251	280	142	138	2.54	1,567
2008.2/4	구로구	오류1동	8,081	21,654	10,864	10,790	21,053	10,586	10,467	601	278	323	2.58	1,888
2008.2/4	구로구	오류2동	11,574	30,523	15,531	14,992	30,139	15,331	14,808	384	200	184	2.58	2,617
2008.2/4	구로구	수궁동	8,351	22,346	11,331	11,015	22,063	11,166	10,897	283	165	118	2.62	1,904
2008.2/4	구로구	가리봉동	8,367	23,557	12,591	10,966	15,937	8,598	7,339	7,620	3,993	3,627	1.89	1,542
2008.2/4	금천구	합계	99,772	266,078	135,809	130,269	248,354	126,471	121,883	17,724	9,338	8,386	2.47	20,538
2008.2/4	금천구	가산동	9,096	24,388	13,418	10,970	18,822	10,310	8,512	5,566	3,108	2,458	2.05	1,534
2008.2/4	금천구	독산1동	12,321	35,797	18,392	17,405	31,312	16,004	15,308	4,485	2,388	2,097	2.52	2,752
2008.2/4	금천구	독산2동	10,051	25,118	12,751	12,367	24,390	12,403	11,987	728	348	380	2.41	1,720
2008.2/4	금천구	독산3동	12,604	32,794	16,538	16,256	29,820	15,002	14,818	2,974	1,536	1,438	2.35	2,300
2008.2/4	금천구	독산4동	8,354	20,830	10,642	10,188	20,075	10,264	9,811	755	378	377	2.38	1,352
2008.2/4	금천구	시흥1동	13,477	34,850	17,649	17,201	32,449	16,451	15,998	2,401	1,198	1,203	2.39	2,961
2008.2/4	금천구	시흥2동	8,793	26,116	13,033	13,083	26,048	13,000	13,048	68	33	35	2.94	2,175
2008.2/4	금천구	시흥3동	4,934	13,522	6,868	6,654	13,415	6,818	6,597	107	50	57	2.7	1,327
2008.2/4	금천구	시흥4동	10,038	26,427	13,303	13,124	26,050	13,123	12,927	377	180	197	2.57	1,978
2008.2/4	금천구	시흥5동	10,104	26,236	13,215	13,021	25,973	13,096	12,877	263	119	144	2.55	2,439
2008.2/4	영등포구	합계	167,178	443,550	224,095	219,455	408,219	205,859	202,360	35,331	18,236	17,095	2.42	36,613
2008.2/4	영등포구	영등포1동	6,316	16,930	8,579	8,351	15,827	7,993	7,834	1,103	586	517	2.47	1,099
2008.2/4	영등포구	영등포2동	4,136	6,791	4,210	2,581	6,323	3,994	2,329	468	216	252	1.52	798
2008.2/4	영등포구	영등포3동	5,064	12,218	6,275	5,943	11,748	6,023	5,725	470	252	218	2.3	1,205
2008.2/4	영등포구	여의동	11,959	33,052	16,128	16,924	32,373	15,719	16,654	679	409	270	2.69	3,486
2008.2/4	영등포구	당산1동	8,827	21,043	10,640	10,403	20,418	10,318	10,100	625	322	303	2.29	1,970
2008.2/4	영등포구	당산2동	12,641	33,605	16,603	17,002	32,901	16,233	16,668	704	370	334	2.57	2,787
2008.2/4	영등포구	도림1동	3,600	10,256	5,207	5,049	7,866	4,006	3,860	2,390	1,201	1,189	2.17	795
2008.2/4	영등포구	도림2동	6,194	14,920	7,604	7,316	13,842	7,052	6,790	1,078	552	526	2.2	1,206
2008.2/4	영등포구	문래1동	5,825	16,074	8,045	8,029	15,880	7,924	7,956	194	121	73	2.7	1,489
2008.2/4	영등포구	문래2동	5,742	15,819	7,961	7,858	15,660	7,865	7,795	159	96	63	2.67	1,116
2008.2/4	영등포구	양평1동	6,870	17,250	8,754	8,496	16,852	8,540	8,312	398	214	184	2.41	1,496
2008.2/4	영등포구	양평2동	7,986	21,997	11,250	10,747	21,640	11,053	10,587	357	197	160	2.67	1,535
2008.2/4	영등포구	신길1동	9,672	26,607	13,371	13,236	21,144	10,602	10,542	5,463	2,769	2,694	2.17	2,217
2008.2/4	영등포구	신길2동	4,783	11,635	5,903	5,732	10,455	5,294	5,161	1,180	609	571	2.17	1,107
2008.2/4	영등포구	신길3동	8,271	21,305	10,716	10,589	20,494	10,302	10,192	811	414	397	2.45	1,861
2008.2/4	영등포구	신길4동	5,853	14,836	7,511	7,325	14,004	7,084	6,920	832	427	405	2.37	1,320
2008.2/4	영등포구	신길5동	7,477	23,579	11,999	11,580	17,501	8,910	8,591	6,078	3,089	2,989	2.32	1,566
2008.2/4	영등포구	신길6동	9,729	26,102	12,991	13,111	24,895	12,392	12,503	1,207	599	608	2.53	2,186
2008.2/4	영등포구	신길7동	7,636	20,676	10,381	10,295	20,000	10,042	9,958	676	339	337	2.59	1,618
2008.2/4	영등포구	대림1동	7,716	19,763	9,988	9,775	18,372	9,272	9,100	1,391	716	675	2.36	1,664
2008.2/4	영등포구	대림2동	8,647	25,996	13,224	12,772	19,368	9,687	9,681	6,628	3,537	3,091	2.22	1,798
2008.2/4	영등포구	대림3동	12,234	33,096	16,755	16,341	30,656	15,554	15,102	2,440	1,201	1,239	2.48	2,294
2008.2/4	동작구	합계	164,235	414,566	204,682	209,884	404,385	199,864	204,521	10,181	4,818	5,363	2.44	37,375
2008.2/4	동작구	노량진1동	8,805	22,138	11,148	10,990	21,528	10,839	10,689	610	309	301	2.42	2,200
2008.2/4	동작구	노량진2동	8,005	18,136	9,055	9,081	17,328	8,645	8,683	808	410	398	2.15	1,787
2008.2/4	동작구	상도1동	16,293	39,923	19,664	20,259	39,036	19,280	19,756	887	384	503	2.37	3,678
2008.2/4	동작구	상도2동	10,455	25,509	12,596	12,913	25,288	12,503	12,785	221	93	128	2.39	2,424
2008.2/4	동작구	상도3동	9,556	24,356	11,970	12,386	24,174	11,892	12,282	182	78	104	2.51	2,441
2008.2/4	동작구	상도4동	11,754	30,221	15,012	15,209	30,014	14,925	15,089	207	87	120	2.53	2,877
2008.2/4	동작구	본동	5,461	13,559	6,745	6,814	13,287	6,622	6,665	272	123	149	2.4	1,306
2008.2/4	동작구	동작동	7,665	19,722	9,704	10,018	18,563	9,180	9,383	1,159	524	635	2.4	1,717
2008.2/4	동작구	사당1동	10,463	23,730	11,503	12,227	23,273	11,279	11,994	457	224	233	2.2	1,773
2008.2/4	동작구	사당2동	5,035	12,864	6,234	6,630	12,755	6,190	6,565	109	44	65	2.5	1,139
2008.2/4	동작구	사당3동	10,286	27,010	13,459	13,551	26,702	13,279	13,423	308	180	128	2.57	2,363
2008.2/4	동작구	사당4동	5,777	14,132	6,937	7,195	14,008	6,890	7,118	124	47	77	2.4	1,271
2008.2/4	동작구	사당5동	6,319	16,063	7,983	8,080	16,001	7,958	8,043	62	25	37	2.5	1,269
2008.2/4	동작구	대방동	14,643	39,952	19,616	20,336	39,540	19,424	20,116	412	192	220	2.68	3,279
2008.2/4	동작구	신대방1동	10,099	29,997	14,833	15,164	26,792	13,203	13,589	3,205	1,630	1,575	2.63	2,115
2008.2/4	동작구	신대방2동	7,902	20,885	10,211	10,674	20,684	10,119	10,565	201	92	109	2.59	1,796
2008.2/4	동작구	흑석동	15,717	36,369	18,012	18,357	35,412	17,636	17,776	957	376	581	2.24	3,940
2008.2/4	관악구	합계	240,731	554,222	281,625	272,597	537,041	273,408	263,633	17,181	8,217	8,964	2.21	43,252
2008.2/4	관악구	봉천본동	7,264	20,197	9,994	10,203	17,176	8,596	8,580	3,021	1,398	1,623	2.34	1,449
2008.2/4	관악구	봉천1동	11,423	27,553	13,827	13,726	27,306	13,716	13,590	247	111	136	2.37	2,336
2008.2/4	관악구	봉천2동	5,309	14,267	7,121	7,146	14,171	7,076	7,095	96	45	51	2.64	1,357
2008.2/4	관악구	봉천3동	6,896	17,953	8,865	9,088	17,872	8,826	9,046	81	39	42	2.55	1,534
2008.2/4	관악구	봉천4동	10,178	18,511	9,414	9,097	18,143	9,246	8,897	368	168	200	1.77	1,197
2008.2/4	관악구	봉천5동	7,635	21,548	10,693	10,855	21,471	10,664	10,807	77	29	48	2.78	1,823
2008.2/4	관악구	봉천6동	14,575	30,666	15,397	15,269	30,315	15,241	15,074	351	156	195	2.06	2,376
2008.2/4	관악구	봉천7동	9,568	18,440	9,496	8,944	18,069	9,339	8,730	371	157	214	1.87	1,265
2008.2/4	관악구	봉천8동	7,197	17,153	8,650	8,503	15,894	8,020	7,874	1,259	630	629	2.19	1,390
2008.2/4	관악구	봉천9동	7,551	20,352	10,217	10,135	20,254	10,182	10,072	98	35	63	2.65	1,589
2008.2/4	관악구	봉천10동	7,005	15,020	7,542	7,478	14,645	7,354	7,291	375	188	187	2.08	1,354
2008.2/4	관악구	봉천11동	13,277	29,573	14,782	14,791	29,320	14,667	14,653	253	115	138	2.19	2,298
2008.2/4	관악구	남현동	7,974	18,234	8,974	9,260	17,953	8,833	9,120	281	141	140	2.23	1,438
2008.2/4	관악구	신림본동	12,093	28,125	14,151	13,974	24,431	12,340	12,091	3,694	1,811	1,883	2	1,786
2008.2/4	관악구	신림1동	9,514	21,744	10,737	11,007	21,091	10,424	10,667	653	313	340	2.2	1,785
2008.2/4	관악구	신림2동	13,138	25,435	14,001	11,434	25,248	13,929	11,319	187	72	115	1.91	1,915
2008.2/4	관악구	신림3동	7,044	17,979	9,119	8,860	17,855	9,078	8,777	124	41	83	2.51	1,481
2008.2/4	관악구	신림4동	12,054	28,228	14,125	14,103	26,257	13,152	13,105	1,971	973	998	2.16	1,818
2008.2/4	관악구	신림5동	10,177	17,587	8,697	8,890	17,159	8,499	8,660	428	198	230	1.67	1,131
2008.2/4	관악구	신림6동	4,848	10,930	5,629	5,301	10,811	5,588	5,223	119	41	78	2.22	1,356
2008.2/4	관악구	신림7동	6,782	18,330	9,131	9,199	18,168	9,021	9,147	162	110	52	2.63	1,376
2008.2/4	관악구	신림8동	8,339	20,364	10,225	10,139	18,306	9,181	9,125	2,058	1,044	1,014	2.18	1,596
2008.2/4	관악구	신림9동	13,269	23,347	13,920	9,427	23,020	13,761	9,259	327	159	168	1.73	1,589
2008.2/4	관악구	신림10동	7,911	21,339	10,775	10,564	21,235	10,732	10,503	104	43	61	2.66	1,990
2008.2/4	관악구	신림11동	6,000	15,425	7,751	7,674	15,284	7,689	7,595	141	62	79	2.53	1,087
2008.2/4	관악구	신림12동	7,588	20,549	10,500	10,049	20,409	10,446	9,963	140	54	86	2.67	1,535
2008.2/4	관악구	신림13동	6,122	15,373	7,892	7,481	15,178	7,808	7,370	195	84	111	2.46	1,401
2008.2/4	서초구	합계	159,396	411,897	200,283	211,614	405,849	197,454	208,395	6,048	2,829	3,219	2.53	29,865
2008.2/4	서초구	서초1동	8,602	21,842	10,666	11,176	20,738	10,092	10,646	1,104	574	530	2.39	1,406
2008.2/4	서초구	서초2동	8,837	23,403	11,488	11,915	23,241	11,410	11,831	162	78	84	2.6	1,587
2008.2/4	서초구	서초3동	12,098	31,265	15,716	15,549	30,162	15,203	14,959	1,103	513	590	2.47	2,415
2008.2/4	서초구	서초4동	9,785	28,350	13,826	14,524	28,179	13,760	14,419	171	66	105	2.86	1,906
2008.2/4	서초구	잠원동	15,294	37,909	18,159	19,750	37,352	17,895	19,457	557	264	293	2.42	2,381
2008.2/4	서초구	반포본동	4,532	14,134	6,645	7,489	13,435	6,324	7,111	699	321	378	2.95	1,143
2008.2/4	서초구	반포1동	9,539	18,764	8,949	9,815	18,600	8,873	9,727	164	76	88	1.94	999
2008.2/4	서초구	반포2동	4,490	13,214	6,370	6,844	13,172	6,349	6,823	42	21	21	2.91	921
2008.2/4	서초구	반포3동	8,743	24,551	11,803	12,748	24,483	11,774	12,709	68	29	39	2.77	1,794
2008.2/4	서초구	반포4동	7,589	20,958	10,146	10,812	20,685	10,018	10,667	273	128	145	2.7	1,467
2008.2/4	서초구	방배본동	7,569	21,126	10,025	11,101	21,005	9,980	11,025	121	45	76	2.76	1,683
2008.2/4	서초구	방배1동	6,720	16,814	8,109	8,705	16,699	8,062	8,637	115	47	68	2.46	1,321
2008.2/4	서초구	방배2동	11,548	29,373	14,231	15,142	29,205	14,171	15,034	168	60	108	2.51	2,251
2008.2/4	서초구	방배3동	9,545	26,191	12,852	13,339	26,031	12,770	13,261	160	82	78	2.71	1,996
2008.2/4	서초구	방배4동	10,112	25,905	12,268	13,637	25,736	12,191	13,545	169	77	92	2.52	1,978
2008.2/4	서초구	양재1동	11,292	27,738	13,566	14,172	27,074	13,254	13,820	664	312	352	2.38	2,277
2008.2/4	서초구	양재2동	10,433	23,586	11,855	11,731	23,426	11,797	11,629	160	58	102	2.22	1,501
2008.2/4	서초구	내곡동	2,668	6,774	3,609	3,165	6,626	3,531	3,095	148	78	70	2.47	839
2008.2/4	강남구	합계	228,107	570,755	275,485	295,270	562,500	271,357	291,143	8,255	4,128	4,127	2.45	37,879
2008.2/4	강남구	신사동	8,662	21,780	10,197	11,583	20,905	9,796	11,109	875	401	474	2.4	1,805
2008.2/4	강남구	논현1동	15,132	28,338	13,139	15,199	27,351	12,678	14,673	987	461	526	1.8	1,766
2008.2/4	강남구	논현2동	11,482	24,202	11,460	12,742	24,134	11,436	12,698	68	24	44	2.09	1,719
2008.2/4	강남구	압구정1동	6,384	17,310	8,267	9,043	17,275	8,255	9,020	35	12	23	2.69	1,640
2008.2/4	강남구	압구정2동	4,904	12,121	5,670	6,451	12,090	5,663	6,427	31	7	24	2.44	1,202
2008.2/4	강남구	청담1동	6,609	18,573	9,032	9,541	18,034	8,762	9,272	539	270	269	2.71	1,435
2008.2/4	강남구	청담2동	5,517	12,977	6,202	6,775	12,942	6,186	6,756	35	16	19	2.33	826
2008.2/4	강남구	삼성1동	6,000	16,366	8,363	8,003	15,581	7,920	7,661	785	443	342	2.58	1,130
2008.2/4	강남구	삼성2동	11,411	26,110	12,571	13,539	26,067	12,548	13,519	43	23	20	2.26	1,539
2008.2/4	강남구	대치1동	7,848	26,894	13,291	13,603	25,894	12,769	13,125	1,000	522	478	3.29	1,371
2008.2/4	강남구	대치2동	8,314	27,001	13,642	13,359	26,978	13,632	13,346	23	10	13	3.24	1,420
2008.2/4	강남구	대치3동	6,423	18,052	9,209	8,843	17,934	9,149	8,785	118	60	58	2.78	1,049
2008.2/4	강남구	대치4동	10,626	22,181	10,410	11,771	22,101	10,367	11,734	80	43	37	2.07	1,139
2008.2/4	강남구	역삼1동	20,850	37,488	17,950	19,538	35,968	17,186	18,782	1,520	764	756	1.71	2,089
2008.2/4	강남구	역삼2동	13,484	32,741	15,477	17,264	32,669	15,437	17,232	72	40	32	2.39	1,884
2008.2/4	강남구	도곡1동	8,427	23,471	11,431	12,040	22,695	10,986	11,709	776	445	331	2.67	1,481
2008.2/4	강남구	도곡2동	12,279	34,555	16,561	17,994	34,408	16,462	17,946	147	99	48	2.78	2,259
2008.2/4	강남구	개포1동	8,195	22,797	11,008	11,789	22,386	10,811	11,575	411	197	214	2.72	1,373
2008.2/4	강남구	개포2동	7,828	19,585	9,386	10,199	19,558	9,376	10,182	27	10	17	2.48	1,181
2008.2/4	강남구	개포3동	5,413	16,898	8,142	8,756	16,635	8,035	8,600	263	107	156	3.03	838
2008.2/4	강남구	개포4동	9,772	24,548	12,057	12,491	24,405	12,002	12,403	143	55	88	2.48	1,391
2008.2/4	강남구	일원본동	7,747	23,543	11,533	12,010	23,518	11,524	11,994	25	9	16	3.02	1,281
2008.2/4	강남구	일원1동	7,747	19,794	9,771	10,023	19,747	9,748	9,999	47	23	24	2.53	1,759
2008.2/4	강남구	일원2동	7,360	20,046	9,738	10,308	20,039	9,735	10,304	7	3	4	2.7	1,451
2008.2/4	강남구	수서동	7,666	18,052	8,226	9,826	17,924	8,181	9,743	128	45	83	2.32	2,194
2008.2/4	강남구	세곡동	2,027	5,332	2,752	2,580	5,262	2,713	2,549	70	39	31	2.58	657
2008.2/4	송파구	합계	241,207	638,577	314,536	324,041	630,981	311,045	319,936	7,596	3,491	4,105	2.59	43,413
2008.2/4	송파구	풍납1동	8,426	21,773	10,763	11,010	20,800	10,308	10,492	973	455	518	2.45	1,640
2008.2/4	송파구	풍납2동	11,538	30,298	14,766	15,532	30,228	14,734	15,494	70	32	38	2.59	2,015
2008.2/4	송파구	거여1동	5,987	16,676	8,419	8,257	16,317	8,275	8,042	359	144	215	2.7	1,098
2008.2/4	송파구	거여2동	11,800	30,904	15,641	15,263	30,778	15,584	15,194	126	57	69	2.57	2,335
2008.2/4	송파구	마천1동	8,082	20,302	10,335	9,967	19,841	10,170	9,671	461	165	296	2.43	1,742
2008.2/4	송파구	마천2동	8,831	24,028	12,222	11,806	23,931	12,179	11,752	97	43	54	2.68	2,114
2008.2/4	송파구	방이1동	6,309	18,270	9,055	9,215	17,639	8,764	8,875	631	291	340	2.78	1,151
2008.2/4	송파구	방이2동	11,297	26,272	12,952	13,320	26,210	12,929	13,281	62	23	39	2.29	1,692
2008.2/4	송파구	오륜동	6,423	21,353	10,429	10,924	21,308	10,409	10,899	45	20	25	3.31	1,175
2008.2/4	송파구	오금동	14,547	40,039	19,992	20,047	39,702	19,818	19,884	337	174	163	2.71	2,849
2008.2/4	송파구	송파1동	11,677	28,760	13,970	14,790	28,081	13,652	14,429	679	318	361	2.38	1,873
2008.2/4	송파구	송파2동	7,871	23,404	11,513	11,891	23,344	11,487	11,857	60	26	34	2.95	1,421
2008.2/4	송파구	석촌동	16,141	37,289	18,356	18,933	36,479	17,982	18,497	810	374	436	2.24	2,280
2008.2/4	송파구	삼전동	15,672	35,927	17,333	18,594	35,553	17,173	18,380	374	160	214	2.24	1,980
2008.2/4	송파구	가락본동	11,551	30,905	15,450	15,455	30,149	15,089	15,060	756	361	395	2.59	1,865
2008.2/4	송파구	가락1동	7,587	19,120	9,377	9,743	19,095	9,366	9,729	25	11	14	2.5	1,302
2008.2/4	송파구	가락2동	12,661	36,828	18,313	18,515	36,740	18,269	18,471	88	44	44	2.88	2,028
2008.2/4	송파구	문정1동	8,491	23,663	11,651	12,012	23,280	11,466	11,814	383	185	198	2.72	1,492
2008.2/4	송파구	문정2동	5,697	17,070	8,393	8,677	17,024	8,370	8,654	46	23	23	2.98	1,680
2008.2/4	송파구	장지동	10,353	27,383	13,538	13,845	27,293	13,494	13,799	90	44	46	2.61	1,933
2008.2/4	송파구	잠실본동	14,530	32,890	15,623	17,267	32,029	15,223	16,806	861	400	461	2.18	1,879
2008.2/4	송파구	잠실2동	-	9	5	4	-	-	-	9	5	4	-	-
2008.2/4	송파구	잠실3동	13,020	37,743	18,296	19,447	37,702	18,270	19,432	41	26	15	2.87	2,558
2008.2/4	송파구	잠실4동	3,242	9,266	4,504	4,762	9,130	4,435	4,695	136	69	67	2.79	801
2008.2/4	송파구	잠실6동	5,941	17,469	8,453	9,016	17,456	8,446	9,010	13	7	6	2.92	1,408
2008.2/4	송파구	잠실7동	3,533	10,936	5,187	5,749	10,872	5,153	5,719	64	34	30	3.06	1,102
2008.2/4	강동구	합계	175,617	470,044	235,555	234,489	465,108	233,474	231,634	4,936	2,081	2,855	2.63	32,376
2008.2/4	강동구	강일동	245	537	297	240	526	288	238	11	9	2	2.13	81
2008.2/4	강동구	상일동	10,134	30,120	15,149	14,971	29,968	15,077	14,891	152	72	80	2.94	1,843
2008.2/4	강동구	명일1동	10,159	29,790	14,726	15,064	29,629	14,649	14,980	161	77	84	2.9	1,987
2008.2/4	강동구	명일2동	6,136	19,617	9,849	9,768	19,607	9,846	9,761	10	3	7	3.18	1,156
2008.2/4	강동구	고덕1동	7,401	21,796	10,975	10,821	21,601	10,904	10,697	195	71	124	2.89	1,452
2008.2/4	강동구	고덕2동	7,327	20,450	10,471	9,979	20,397	10,447	9,950	53	24	29	2.76	1,444
2008.2/4	강동구	암사1동	9,876	24,249	12,126	12,123	23,780	11,941	11,839	469	185	284	2.39	1,868
2008.2/4	강동구	암사2동	5,962	16,490	8,179	8,311	16,459	8,168	8,291	31	11	20	2.73	1,013
2008.2/4	강동구	암사3동	2,867	8,509	4,267	4,242	8,483	4,247	4,236	26	20	6	2.93	593
2008.2/4	강동구	암사4동	6,128	16,452	8,209	8,243	16,409	8,194	8,215	43	15	28	2.65	1,146
2008.2/4	강동구	천호1동	12,946	34,033	17,056	16,977	32,860	16,592	16,268	1,173	464	709	2.51	2,501
2008.2/4	강동구	천호2동	7,188	16,985	8,532	8,453	16,024	8,101	7,923	961	431	530	2.21	1,254
2008.2/4	강동구	천호3동	13,314	30,021	15,091	14,930	29,724	14,963	14,761	297	128	169	2.21	2,431
2008.2/4	강동구	천호4동	9,361	22,540	11,382	11,158	22,356	11,307	11,049	184	75	109	2.37	1,827
2008.2/4	강동구	성내1동	7,877	21,715	10,867	10,848	21,680	10,849	10,831	35	18	17	2.72	1,454
2008.2/4	강동구	성내2동	11,961	28,207	14,004	14,203	27,812	13,823	13,989	395	181	214	2.3	2,196
2008.2/4	강동구	성내3동	9,981	25,490	12,764	12,726	25,400	12,732	12,668	90	32	58	2.52	1,674
2008.2/4	강동구	길1동	9,846	25,468	12,635	12,833	25,107	12,474	12,633	361	161	200	2.52	1,738
2008.2/4	강동구	길2동	10,057	27,825	13,780	14,045	27,753	13,754	13,999	72	26	46	2.74	1,733
2008.2/4	강동구	둔촌1동	6,813	21,682	11,226	10,456	21,521	11,166	10,355	161	60	101	3.15	1,050
2008.2/4	강동구	둔촌2동	10,038	28,068	13,970	14,098	28,012	13,952	14,060	56	18	38	2.77	1,935