기간	자치구	동	세대	계	계	계	한국인	한국인	한국인	등록외국인	등록외국인	등록외국인	세대당인구	65세이상고령자
기간	자치구	동	세대	인구	남자	여자	인구	남자	여자	인구	남자	여자	세대당인구	65세이상고령자
2009.1/4	합계	합계	4,107,632	10,492,176	5,201,338	5,290,838	10,225,908	5,072,811	5,153,097	266,268	128,527	137,741	2.49	914,858
2009.1/4	종로구	소계	74,609	179,661	89,697	89,964	170,410	85,284	85,126	9,251	4,413	4,838	2.28	20,379
2009.1/4	종로구	사직동	4,408	10,449	4,959	5,490	9,961	4,713	5,248	488	246	242	2.26	1,372
2009.1/4	종로구	삼청동	1,690	3,787	1,852	1,935	3,656	1,774	1,882	131	78	53	2.16	595
2009.1/4	종로구	부암동	4,549	11,827	5,856	5,971	11,525	5,725	5,800	302	131	171	2.53	1,439
2009.1/4	종로구	평창동	7,028	19,708	9,574	10,134	19,292	9,373	9,919	416	201	215	2.75	2,306
2009.1/4	종로구	무악동	3,163	8,704	4,223	4,481	8,613	4,186	4,427	91	37	54	2.72	905
2009.1/4	종로구	교남동	4,343	9,363	4,591	4,772	9,116	4,477	4,639	247	114	133	2.1	1,117
2009.1/4	종로구	가회동	2,510	6,071	2,930	3,141	5,869	2,842	3,027	202	88	114	2.34	801
2009.1/4	종로구	종로1.2.3.4가동	4,496	8,706	4,903	3,803	7,294	4,144	3,150	1,412	759	653	1.62	1,282
2009.1/4	종로구	종로5·6가동	3,017	6,779	3,585	3,194	6,413	3,427	2,986	366	158	208	2.13	860
2009.1/4	종로구	이화동	4,531	10,344	4,995	5,349	9,535	4,620	4,915	809	375	434	2.1	940
2009.1/4	종로구	혜화동	5,622	13,075	6,351	6,724	12,288	5,990	6,298	787	361	426	2.19	1,300
2009.1/4	종로구	명륜3가동	3,719	7,456	3,988	3,468	6,697	3,651	3,046	759	337	422	1.8	797
2009.1/4	종로구	창신1동	3,497	8,648	4,427	4,221	7,062	3,665	3,397	1,586	762	824	2.02	849
2009.1/4	종로구	창신2동	5,105	12,339	6,280	6,059	11,875	6,064	5,811	464	216	248	2.33	1,261
2009.1/4	종로구	창신3동	3,141	8,720	4,386	4,334	8,630	4,344	4,286	90	42	48	2.75	827
2009.1/4	종로구	숭인1동	3,155	8,148	4,012	4,136	7,480	3,697	3,783	668	315	353	2.37	747
2009.1/4	종로구	숭인2동	4,388	9,147	4,725	4,422	8,988	4,657	4,331	159	68	91	2.05	1,117
2009.1/4	종로구	청운효자동	6,247	16,390	8,060	8,330	16,116	7,935	8,181	274	125	149	2.58	1,864
2009.1/4	중구	소계	58,161	139,047	69,472	69,575	130,292	65,204	65,088	8,755	4,268	4,487	2.24	15,620
2009.1/4	중구	소공동	576	1,687	905	782	1,098	563	535	589	342	247	1.91	143
2009.1/4	중구	회현동	2,638	5,237	2,899	2,338	4,451	2,460	1,991	786	439	347	1.69	761
2009.1/4	중구	명동	1,340	3,427	1,595	1,832	2,837	1,254	1,583	590	341	249	2.12	478
2009.1/4	중구	필동	2,305	5,183	2,735	2,448	4,646	2,470	2,176	537	265	272	2.02	616
2009.1/4	중구	장충동	2,927	6,315	3,167	3,148	5,769	2,935	2,834	546	232	314	1.97	664
2009.1/4	중구	광희동	2,709	6,030	3,185	2,845	4,997	2,699	2,298	1,033	486	547	1.84	720
2009.1/4	중구	을지로동	1,202	1,974	1,174	800	1,830	1,108	722	144	66	78	1.52	331
2009.1/4	중구	신당1동	4,068	10,517	5,277	5,240	8,407	4,317	4,090	2,110	960	1,150	2.07	993
2009.1/4	중구	신당2동	7,279	17,354	8,505	8,849	17,047	8,360	8,687	307	145	162	2.34	1,791
2009.1/4	중구	신당3동	8,127	20,263	9,801	10,462	20,027	9,695	10,332	236	106	130	2.46	2,336
2009.1/4	중구	신당4동	6,514	16,626	8,042	8,584	16,443	7,959	8,484	183	83	100	2.52	1,833
2009.1/4	중구	신당5동	3,775	8,664	4,368	4,296	8,391	4,240	4,151	273	128	145	2.22	1,014
2009.1/4	중구	신당6동	3,797	10,100	4,972	5,128	9,944	4,897	5,047	156	75	81	2.62	1,054
2009.1/4	중구	황학동	5,360	12,504	6,318	6,186	11,633	5,905	5,728	871	413	458	2.17	1,266
2009.1/4	중구	중림동	5,544	13,166	6,529	6,637	12,772	6,342	6,430	394	187	207	2.3	1,620
2009.1/4	용산구	소계	107,275	252,120	124,106	128,014	239,179	117,235	121,944	12,941	6,871	6,070	2.23	27,553
2009.1/4	용산구	후암동	8,879	20,757	10,334	10,423	20,111	10,038	10,073	646	296	350	2.27	2,224
2009.1/4	용산구	용산2가동	5,982	14,256	7,137	7,119	13,296	6,579	6,717	960	558	402	2.22	1,564
2009.1/4	용산구	남영동	4,653	8,151	4,694	3,457	7,593	4,441	3,152	558	253	305	1.63	980
2009.1/4	용산구	원효로2동	6,211	16,406	7,861	8,545	16,182	7,760	8,422	224	101	123	2.61	1,665
2009.1/4	용산구	효창동	4,163	10,799	5,325	5,474	10,648	5,258	5,390	151	67	84	2.56	1,190
2009.1/4	용산구	용문동	4,767	12,919	6,338	6,581	12,721	6,242	6,479	198	96	102	2.67	1,319
2009.1/4	용산구	이촌1동	9,837	28,765	13,669	15,096	27,000	12,672	14,328	1,765	997	768	2.74	2,970
2009.1/4	용산구	이촌2동	4,407	10,614	5,096	5,518	10,572	5,076	5,496	42	20	22	2.4	1,261
2009.1/4	용산구	이태원1동	4,224	10,304	5,052	5,252	8,346	3,914	4,432	1,958	1,138	820	1.98	1,203
2009.1/4	용산구	이태원2동	5,218	11,640	5,568	6,072	11,239	5,331	5,908	401	237	164	2.15	1,559
2009.1/4	용산구	서빙고동	4,835	11,893	5,779	6,114	11,396	5,535	5,861	497	244	253	2.36	1,624
2009.1/4	용산구	보광동	8,983	19,451	9,523	9,928	18,599	9,075	9,524	852	448	404	2.07	2,120
2009.1/4	용산구	청파동	11,407	24,467	11,928	12,539	23,661	11,579	12,082	806	349	457	2.07	2,354
2009.1/4	용산구	원효로1동	4,617	10,626	5,338	5,288	10,290	5,140	5,150	336	198	138	2.23	1,065
2009.1/4	용산구	한강로동	7,564	16,150	8,155	7,995	15,288	7,737	7,551	862	418	444	2.02	1,882
2009.1/4	용산구	한남동	11,528	24,922	12,309	12,613	22,237	10,858	11,379	2,685	1,451	1,234	1.93	2,573
2009.1/4	성동구	소계	127,584	320,180	160,384	159,796	311,611	156,203	155,408	8,569	4,181	4,388	2.44	29,766
2009.1/4	성동구	왕십리2동	7,491	19,195	9,529	9,666	19,079	9,481	9,598	116	48	68	2.55	1,774
2009.1/4	성동구	마장동	10,112	26,544	13,377	13,167	26,033	13,122	12,911	511	255	256	2.57	2,501
2009.1/4	성동구	사근동	5,603	12,060	6,417	5,643	10,912	5,873	5,039	1,148	544	604	1.95	1,113
2009.1/4	성동구	행당1동	7,757	18,434	9,081	9,353	18,214	8,984	9,230	220	97	123	2.35	1,833
2009.1/4	성동구	행당2동	8,851	25,271	12,176	13,095	25,195	12,141	13,054	76	35	41	2.85	2,155
2009.1/4	성동구	응봉동	6,504	17,794	8,534	9,260	17,709	8,496	9,213	85	38	47	2.72	1,688
2009.1/4	성동구	금호1가동	6,610	17,267	8,401	8,866	17,090	8,325	8,765	177	76	101	2.59	1,714
2009.1/4	성동구	금호4가동	6,505	15,870	7,839	8,031	15,586	7,709	7,877	284	130	154	2.4	1,498
2009.1/4	성동구	성수1가1동	7,412	19,239	9,913	9,326	18,512	9,519	8,993	727	394	333	2.5	1,412
2009.1/4	성동구	성수1가2동	8,196	19,586	9,882	9,704	19,285	9,742	9,543	301	140	161	2.35	1,508
2009.1/4	성동구	성수2가1동	8,466	21,208	11,002	10,206	20,031	10,397	9,634	1,177	605	572	2.37	1,716
2009.1/4	성동구	성수2가3동	5,174	12,432	6,363	6,069	12,038	6,122	5,916	394	241	153	2.33	1,109
2009.1/4	성동구	송정동	5,639	12,837	6,769	6,068	12,319	6,538	5,781	518	231	287	2.18	1,061
2009.1/4	성동구	용답동	7,453	18,246	9,411	8,835	17,190	8,901	8,289	1,056	510	546	2.31	1,670
2009.1/4	성동구	왕십리도선동	6,074	14,920	7,539	7,381	14,123	7,168	6,955	797	371	426	2.33	1,665
2009.1/4	성동구	금호2.3가동	9,367	23,373	11,412	11,961	23,067	11,277	11,790	306	135	171	2.46	2,547
2009.1/4	성동구	옥수동	10,370	25,904	12,739	13,165	25,228	12,408	12,820	676	331	345	2.43	2,802
2009.1/4	광진구	소계	156,191	388,376	192,090	196,286	375,826	186,234	189,592	12,550	5,856	6,694	2.41	29,243
2009.1/4	광진구	화양동	12,009	23,908	11,699	12,209	21,370	10,510	10,860	2,538	1,189	1,349	1.78	1,665
2009.1/4	광진구	군자동	10,032	22,652	11,396	11,256	21,895	11,031	10,864	757	365	392	2.18	1,852
2009.1/4	광진구	중곡1동	7,500	17,785	8,785	9,000	17,031	8,457	8,574	754	328	426	2.27	1,437
2009.1/4	광진구	중곡2동	9,268	23,189	11,355	11,834	22,987	11,280	11,707	202	75	127	2.48	1,734
2009.1/4	광진구	중곡3동	8,243	20,181	10,138	10,043	19,999	10,060	9,939	182	78	104	2.43	1,599
2009.1/4	광진구	중곡4동	12,327	32,484	16,141	16,343	32,353	16,092	16,261	131	49	82	2.62	2,586
2009.1/4	광진구	능동	5,020	10,993	5,335	5,658	10,778	5,227	5,551	215	108	107	2.15	938
2009.1/4	광진구	구의1동	10,866	24,419	11,810	12,609	23,333	11,326	12,007	1,086	484	602	2.15	1,882
2009.1/4	광진구	구의2동	10,385	26,779	13,300	13,479	26,562	13,221	13,341	217	79	138	2.56	2,331
2009.1/4	광진구	구의3동	11,457	30,102	14,617	15,485	29,937	14,538	15,399	165	79	86	2.61	2,252
2009.1/4	광진구	광장동	12,191	36,552	17,806	18,746	36,212	17,637	18,575	340	169	171	2.97	2,339
2009.1/4	광진구	자양1동	10,991	26,610	13,186	13,424	24,728	12,299	12,429	1,882	887	995	2.25	2,079
2009.1/4	광진구	자양2동	11,532	29,581	14,922	14,659	29,394	14,840	14,554	187	82	105	2.55	2,096
2009.1/4	광진구	자양3동	11,446	32,243	16,032	16,211	31,674	15,751	15,923	569	281	288	2.77	1,938
2009.1/4	광진구	자양4동	12,924	30,898	15,568	15,330	27,573	13,965	13,608	3,325	1,603	1,722	2.13	2,515
2009.1/4	동대문구	소계	156,529	382,646	192,243	190,403	370,617	186,837	183,780	12,029	5,406	6,623	2.37	39,163
2009.1/4	동대문구	신설동	4,142	9,583	4,933	4,650	8,900	4,630	4,270	683	303	380	2.15	1,106
2009.1/4	동대문구	제기1동	5,877	13,899	7,061	6,838	12,934	6,624	6,310	965	437	528	2.2	1,856
2009.1/4	동대문구	제기2동	7,181	16,558	8,416	8,142	16,181	8,244	7,937	377	172	205	2.25	1,974
2009.1/4	동대문구	전농1동	4,598	11,022	5,605	5,417	10,460	5,354	5,106	562	251	311	2.27	1,319
2009.1/4	동대문구	전농3동	7,093	19,614	9,702	9,912	19,466	9,641	9,825	148	61	87	2.74	2,069
2009.1/4	동대문구	답십리1동	4,253	10,885	5,448	5,437	10,333	5,214	5,119	552	234	318	2.43	1,041
2009.1/4	동대문구	답십리2동	5,740	15,770	7,822	7,948	15,667	7,774	7,893	103	48	55	2.73	1,588
2009.1/4	동대문구	답십리4동	6,260	16,871	8,377	8,494	16,747	8,324	8,423	124	53	71	2.68	1,545
2009.1/4	동대문구	장안1동	7,806	19,298	9,806	9,492	18,386	9,414	8,972	912	392	520	2.36	1,701
2009.1/4	동대문구	장안2동	6,647	17,982	9,155	8,827	17,888	9,117	8,771	94	38	56	2.69	1,226
2009.1/4	동대문구	장안3동	6,492	18,216	9,085	9,131	18,119	9,050	9,069	97	35	62	2.79	1,434
2009.1/4	동대문구	장안4동	5,981	14,997	7,547	7,450	14,886	7,513	7,373	111	34	77	2.49	1,479
2009.1/4	동대문구	회기동	5,595	12,133	5,855	6,278	11,091	5,408	5,683	1,042	447	595	1.98	1,118
2009.1/4	동대문구	휘경1동	8,222	18,646	9,245	9,401	17,537	8,749	8,788	1,109	496	613	2.13	1,760
2009.1/4	동대문구	휘경2동	9,658	24,784	12,165	12,619	24,598	12,077	12,521	186	88	98	2.55	2,179
2009.1/4	동대문구	이문1동	6,699	16,034	7,947	8,087	14,444	7,168	7,276	1,590	779	811	2.16	1,431
2009.1/4	동대문구	이문2동	9,474	19,930	9,994	9,936	19,117	9,632	9,485	813	362	451	2.02	1,853
2009.1/4	동대문구	이문3동	9,040	24,458	12,137	12,321	24,266	12,059	12,207	192	78	114	2.68	2,139
2009.1/4	동대문구	용두동	9,722	21,119	10,974	10,145	20,132	10,515	9,617	987	459	528	2.07	2,652
2009.1/4	동대문구	전농2동	8,819	19,243	10,027	9,216	19,096	9,967	9,129	147	60	87	2.17	2,307
2009.1/4	동대문구	답십리3동	6,352	15,238	7,721	7,517	15,008	7,615	7,393	230	106	124	2.36	1,755
2009.1/4	동대문구	청량리동	10,878	26,366	13,221	13,145	25,361	12,748	12,613	1,005	473	532	2.33	3,631
2009.1/4	중랑구	소계	171,214	432,565	216,202	216,363	427,413	214,137	213,276	5,152	2,065	3,087	2.5	37,842
2009.1/4	중랑구	면목2동	11,935	29,113	14,708	14,405	28,877	14,604	14,273	236	104	132	2.42	2,445
2009.1/4	중랑구	면목4동	10,105	23,990	11,701	12,289	23,799	11,620	12,179	191	81	110	2.36	2,085
2009.1/4	중랑구	면목5동	6,255	15,074	7,655	7,419	14,905	7,597	7,308	169	58	111	2.38	1,387
2009.1/4	중랑구	면목7동	10,658	26,949	13,439	13,510	26,781	13,380	13,401	168	59	109	2.51	2,343
2009.1/4	중랑구	상봉1동	9,398	26,698	13,259	13,439	26,321	13,096	13,225	377	163	214	2.8	2,097
2009.1/4	중랑구	상봉2동	8,802	19,214	9,726	9,488	19,000	9,636	9,364	214	90	124	2.16	1,799
2009.1/4	중랑구	중화1동	8,084	22,629	11,262	11,367	22,063	11,033	11,030	566	229	337	2.73	1,783
2009.1/4	중랑구	중화2동	14,687	32,797	16,729	16,068	32,357	16,548	15,809	440	181	259	2.2	3,128
2009.1/4	중랑구	묵1동	12,722	34,954	17,274	17,680	34,629	17,144	17,485	325	130	195	2.72	3,104
2009.1/4	중랑구	묵2동	8,298	20,586	10,361	10,225	20,460	10,319	10,141	126	42	84	2.47	1,896
2009.1/4	중랑구	망우3동	8,288	20,380	10,312	10,068	20,259	10,264	9,995	121	48	73	2.44	1,751
2009.1/4	중랑구	신내1동	9,904	29,023	14,443	14,580	28,753	14,327	14,426	270	116	154	2.9	2,459
2009.1/4	중랑구	신내2동	9,438	26,303	12,888	13,415	26,269	12,876	13,393	34	12	22	2.78	2,183
2009.1/4	중랑구	면목본동	15,849	38,868	19,334	19,534	37,625	18,854	18,771	1,243	480	763	2.37	3,317
2009.1/4	중랑구	면목3.8동	12,709	30,912	15,557	15,355	30,695	15,469	15,226	217	88	129	2.42	2,798
2009.1/4	중랑구	망우본동	14,082	35,075	17,554	17,521	34,620	17,370	17,250	455	184	271	2.46	3,267
2009.1/4	성북구	소계	191,547	483,393	239,242	244,151	474,934	235,489	239,445	8,459	3,753	4,706	2.48	48,012
2009.1/4	성북구	돈암1동	6,688	17,991	8,703	9,288	17,865	8,657	9,208	126	46	80	2.67	1,802
2009.1/4	성북구	돈암2동	8,569	24,764	12,083	12,681	24,576	11,997	12,579	188	86	102	2.87	2,228
2009.1/4	성북구	안암동	8,748	19,017	9,708	9,309	17,530	8,985	8,545	1,487	723	764	2	1,631
2009.1/4	성북구	보문동	7,713	17,770	8,856	8,914	17,377	8,710	8,667	393	146	247	2.25	1,816
2009.1/4	성북구	정능1동	6,973	19,555	9,329	10,226	18,850	9,040	9,810	705	289	416	2.7	2,067
2009.1/4	성북구	정능2동	9,539	24,980	12,403	12,577	24,892	12,361	12,531	88	42	46	2.61	2,551
2009.1/4	성북구	정능3동	8,158	19,217	9,593	9,624	18,976	9,502	9,474	241	91	150	2.33	2,241
2009.1/4	성북구	정능4동	10,775	28,368	14,009	14,359	28,192	13,928	14,264	176	81	95	2.62	2,825
2009.1/4	성북구	길음1동	10,131	28,874	14,032	14,842	28,527	13,862	14,665	347	170	177	2.82	2,236
2009.1/4	성북구	길음2동	9,026	21,141	10,353	10,788	21,031	10,301	10,730	110	52	58	2.33	2,189
2009.1/4	성북구	월곡1동	10,540	28,186	14,034	14,152	27,681	13,820	13,861	505	214	291	2.63	2,611
2009.1/4	성북구	월곡2동	8,594	22,395	11,097	11,298	22,170	11,001	11,169	225	96	129	2.58	2,267
2009.1/4	성북구	장위1동	10,727	28,206	14,064	14,142	27,599	13,791	13,808	607	273	334	2.57	2,603
2009.1/4	성북구	장위2동	9,896	24,652	12,462	12,190	24,486	12,390	12,096	166	72	94	2.47	2,543
2009.1/4	성북구	장위3동	8,318	20,435	10,508	9,927	20,218	10,404	9,814	217	104	113	2.43	2,151
2009.1/4	성북구	성북동	8,325	20,049	9,697	10,352	19,282	9,372	9,910	767	325	442	2.32	2,492
2009.1/4	성북구	삼선동	11,703	27,608	13,533	14,075	27,107	13,298	13,809	501	235	266	2.32	2,863
2009.1/4	성북구	동선동	7,460	15,636	7,225	8,411	15,293	7,069	8,224	343	156	187	2.05	1,677
2009.1/4	성북구	종암동	14,576	36,806	18,588	18,218	36,263	18,341	17,922	543	247	296	2.49	3,566
2009.1/4	성북구	석관동	15,088	37,743	18,965	18,778	37,019	18,660	18,359	724	305	419	2.45	3,653
2009.1/4	강북구	소계	136,270	345,346	170,932	174,414	341,705	169,568	172,137	3,641	1,364	2,277	2.51	37,287
2009.1/4	강북구	번1동	8,579	20,388	10,042	10,346	19,977	9,887	10,090	411	155	256	2.33	2,093
2009.1/4	강북구	번2동	8,197	21,158	10,444	10,714	21,060	10,415	10,645	98	29	69	2.57	2,293
2009.1/4	강북구	번3동	7,798	22,238	10,759	11,479	22,180	10,743	11,437	58	16	42	2.84	2,633
2009.1/4	강북구	수유1동	9,558	23,818	11,955	11,863	23,264	11,751	11,513	554	204	350	2.43	2,601
2009.1/4	강북구	수유2동	9,116	23,670	11,648	12,022	23,567	11,621	11,946	103	27	76	2.59	2,877
2009.1/4	강북구	수유3동	10,657	24,497	12,169	12,328	24,253	12,068	12,185	244	101	143	2.28	2,782
2009.1/4	강북구	삼양동	13,366	33,864	16,943	16,921	33,190	16,693	16,497	674	250	424	2.48	3,279
2009.1/4	강북구	미아동	10,331	25,152	12,574	12,578	24,678	12,373	12,305	474	201	273	2.39	2,515
2009.1/4	강북구	송중동	14,312	36,657	17,885	18,772	36,336	17,774	18,562	321	111	210	2.54	3,792
2009.1/4	강북구	송천동	13,832	33,274	16,564	16,710	32,982	16,445	16,537	292	119	173	2.38	3,674
2009.1/4	강북구	삼각산동	8,355	24,467	12,087	12,380	24,404	12,062	12,342	63	25	38	2.92	1,945
2009.1/4	강북구	우이동	8,645	21,928	11,042	10,886	21,779	10,984	10,795	149	58	91	2.52	2,762
2009.1/4	강북구	인수동	13,524	34,235	16,820	17,415	34,035	16,752	17,283	200	68	132	2.52	4,041
2009.1/4	도봉구	소계	139,511	376,087	186,055	190,032	373,278	184,943	188,335	2,809	1,112	1,697	2.68	35,299
2009.1/4	도봉구	쌍문1동	8,945	23,730	11,675	12,055	23,319	11,521	11,798	411	154	257	2.61	2,594
2009.1/4	도봉구	쌍문2동	8,282	21,760	10,729	11,031	21,658	10,693	10,965	102	36	66	2.62	2,106
2009.1/4	도봉구	쌍문3동	7,368	19,057	9,349	9,708	18,942	9,301	9,641	115	48	67	2.57	1,912
2009.1/4	도봉구	쌍문4동	7,599	22,276	10,821	11,455	22,239	10,812	11,427	37	9	28	2.93	1,781
2009.1/4	도봉구	방학1동	11,903	33,372	16,646	16,726	32,910	16,456	16,454	462	190	272	2.76	2,841
2009.1/4	도봉구	방학2동	9,882	24,987	12,634	12,353	24,810	12,563	12,247	177	71	106	2.51	2,412
2009.1/4	도봉구	방학3동	10,942	32,912	16,230	16,682	32,852	16,209	16,643	60	21	39	3	2,756
2009.1/4	도봉구	창1동	11,191	29,922	14,602	15,320	29,377	14,376	15,001	545	226	319	2.63	2,757
2009.1/4	도봉구	창2동	12,201	31,834	15,756	16,078	31,624	15,652	15,972	210	104	106	2.59	2,683
2009.1/4	도봉구	창3동	6,696	16,838	8,504	8,334	16,776	8,485	8,291	62	19	43	2.51	1,586
2009.1/4	도봉구	창4동	11,439	31,677	15,397	16,280	31,618	15,369	16,249	59	28	31	2.76	2,581
2009.1/4	도봉구	창5동	10,243	28,884	14,197	14,687	28,773	14,145	14,628	111	52	59	2.81	2,452
2009.1/4	도봉구	도봉1동	10,651	25,998	13,164	12,834	25,626	13,034	12,592	372	130	242	2.41	3,201
2009.1/4	도봉구	도봉2동	12,169	32,840	16,351	16,489	32,754	16,327	16,427	86	24	62	2.69	3,637
2009.1/4	노원구	소계	225,207	620,295	303,982	316,313	615,430	301,874	313,556	4,865	2,108	2,757	2.73	53,659
2009.1/4	노원구	월계1동	9,734	25,695	13,006	12,689	24,632	12,538	12,094	1,063	468	595	2.53	2,424
2009.1/4	노원구	월계2동	12,527	32,336	15,833	16,503	32,217	15,787	16,430	119	46	73	2.57	3,364
2009.1/4	노원구	월계3동	13,927	37,741	18,438	19,303	37,698	18,424	19,274	43	14	29	2.71	3,539
2009.1/4	노원구	공릉2동	17,118	47,654	23,818	23,836	47,217	23,626	23,591	437	192	245	2.76	3,293
2009.1/4	노원구	하계1동	11,460	31,659	15,346	16,313	31,456	15,238	16,218	203	108	95	2.74	2,912
2009.1/4	노원구	하계2동	8,855	26,767	13,070	13,697	26,731	13,057	13,674	36	13	23	3.02	2,087
2009.1/4	노원구	중계본동	10,193	31,437	15,532	15,905	30,889	15,275	15,614	548	257	291	3.03	2,159
2009.1/4	노원구	중계1동	9,901	31,716	15,593	16,123	31,659	15,564	16,095	57	29	28	3.2	1,838
2009.1/4	노원구	중계4동	8,587	24,587	11,967	12,620	23,864	11,677	12,187	723	290	433	2.78	2,318
2009.1/4	노원구	상계1동	14,365	41,250	20,413	20,837	41,116	20,360	20,756	134	53	81	2.86	3,642
2009.1/4	노원구	상계2동	8,305	22,756	11,246	11,510	22,656	11,203	11,453	100	43	57	2.73	1,957
2009.1/4	노원구	상계5동	9,309	25,071	12,308	12,763	24,955	12,269	12,686	116	39	77	2.68	2,395
2009.1/4	노원구	상계8동	9,450	27,418	13,292	14,126	27,392	13,286	14,106	26	6	20	2.9	1,910
2009.1/4	노원구	상계9동	9,209	25,890	12,674	13,216	25,845	12,657	13,188	45	17	28	2.81	1,953
2009.1/4	노원구	상계10동	8,197	21,575	10,290	11,285	21,544	10,282	11,262	31	8	23	2.63	1,665
2009.1/4	노원구	공릉1.3동	16,394	41,920	20,602	21,318	41,158	20,247	20,911	762	355	407	2.51	3,382
2009.1/4	노원구	상계3.4동	17,051	42,390	21,384	21,006	42,218	21,329	20,889	172	55	117	2.48	4,947
2009.1/4	노원구	상계6.7동	14,779	38,475	18,249	20,226	38,351	18,190	20,161	124	59	65	2.59	2,985
2009.1/4	노원구	중계2.3동	15,846	43,958	20,921	23,037	43,832	20,865	22,967	126	56	70	2.77	4,889
2009.1/4	은평구	소계	184,136	467,701	230,854	236,847	462,532	228,639	233,893	5,169	2,215	2,954	2.51	47,136
2009.1/4	은평구	녹번동	15,551	36,852	17,972	18,880	36,293	17,717	18,576	559	255	304	2.33	3,895
2009.1/4	은평구	불광1동	14,757	36,198	17,755	18,443	35,673	17,495	18,178	525	260	265	2.42	3,930
2009.1/4	은평구	갈현1동	10,679	27,235	13,461	13,774	26,851	13,308	13,543	384	153	231	2.51	2,561
2009.1/4	은평구	갈현2동	10,641	27,968	13,584	14,384	27,725	13,479	14,246	243	105	138	2.61	2,627
2009.1/4	은평구	구산동	11,319	33,170	17,156	16,014	32,993	17,088	15,905	177	68	109	2.91	3,395
2009.1/4	은평구	대조동	13,293	31,912	15,362	16,550	31,507	15,182	16,325	405	180	225	2.37	3,382
2009.1/4	은평구	응암1동	13,720	33,901	16,593	17,308	33,208	16,324	16,884	693	269	424	2.42	3,281
2009.1/4	은평구	응암2동	9,031	21,183	10,593	10,590	21,035	10,541	10,494	148	52	96	2.33	2,318
2009.1/4	은평구	신사1동	10,258	27,692	13,617	14,075	27,248	13,411	13,837	444	206	238	2.66	2,488
2009.1/4	은평구	신사2동	9,228	24,410	12,415	11,995	24,327	12,388	11,939	83	27	56	2.64	2,129
2009.1/4	은평구	증산동	8,632	22,341	11,140	11,201	22,155	11,073	11,082	186	67	119	2.57	2,207
2009.1/4	은평구	수색동	8,428	21,142	10,524	10,618	20,856	10,406	10,450	286	118	168	2.47	2,454
2009.1/4	은평구	진관동	5,668	16,383	8,013	8,370	16,309	7,983	8,326	74	30	44	2.88	1,566
2009.1/4	은평구	불광2동	13,420	32,424	16,056	16,368	32,204	15,976	16,228	220	80	140	2.4	3,473
2009.1/4	은평구	응암3동	11,583	28,136	13,985	14,151	27,963	13,917	14,046	173	68	105	2.41	3,198
2009.1/4	은평구	역촌동	17,928	46,754	22,628	24,126	46,185	22,351	23,834	569	277	292	2.58	4,232
2009.1/4	서대문구	소계	137,215	338,784	165,358	173,426	329,566	161,246	168,320	9,218	4,112	5,106	2.4	36,751
2009.1/4	서대문구	천연동	7,778	19,100	9,335	9,765	18,880	9,229	9,651	220	106	114	2.43	2,266
2009.1/4	서대문구	홍제1동	11,404	29,091	14,038	15,053	28,476	13,760	14,716	615	278	337	2.5	3,267
2009.1/4	서대문구	홍제3동	8,305	20,897	10,179	10,718	20,754	10,121	10,633	143	58	85	2.5	2,514
2009.1/4	서대문구	홍제2동	6,076	16,357	7,885	8,472	16,265	7,848	8,417	92	37	55	2.68	1,700
2009.1/4	서대문구	홍은1동	11,153	29,254	14,451	14,803	28,722	14,223	14,499	532	228	304	2.58	3,388
2009.1/4	서대문구	홍은2동	11,432	29,570	14,575	14,995	29,266	14,423	14,843	304	152	152	2.56	3,128
2009.1/4	서대문구	남가좌1동	2,615	6,033	3,069	2,964	5,560	2,859	2,701	473	210	263	2.13	697
2009.1/4	서대문구	남가좌2동	12,404	31,156	15,329	15,827	30,908	15,221	15,687	248	108	140	2.49	3,321
2009.1/4	서대문구	북가좌1동	4,325	11,319	5,659	5,660	11,069	5,566	5,503	250	93	157	2.56	1,172
2009.1/4	서대문구	북가좌2동	13,374	35,126	17,360	17,766	35,009	17,310	17,699	117	50	67	2.62	3,533
2009.1/4	서대문구	충현동	10,757	24,571	12,174	12,397	24,307	12,045	12,262	264	129	135	2.26	2,824
2009.1/4	서대문구	북아현동	9,082	20,665	9,955	10,710	20,015	9,657	10,358	650	298	352	2.2	2,091
2009.1/4	서대문구	신촌동	10,098	21,113	9,552	11,561	18,379	8,453	9,926	2,734	1,099	1,635	1.82	1,873
2009.1/4	서대문구	연희동	18,412	44,532	21,797	22,735	41,956	20,531	21,425	2,576	1,266	1,310	2.28	4,977
2009.1/4	마포구	소계	166,184	394,204	192,432	201,772	385,861	188,455	197,406	8,343	3,977	4,366	2.32	37,440
2009.1/4	마포구	용강동	8,975	22,169	10,803	11,366	21,950	10,692	11,258	219	111	108	2.45	2,057
2009.1/4	마포구	대흥동	9,186	17,590	8,571	9,019	16,422	8,025	8,397	1,168	546	622	1.79	1,759
2009.1/4	마포구	염리동	8,387	19,318	9,448	9,870	18,662	9,147	9,515	656	301	355	2.23	1,939
2009.1/4	마포구	신수동	9,524	22,960	11,427	11,533	22,421	11,157	11,264	539	270	269	2.35	2,157
2009.1/4	마포구	서교동	15,992	30,641	14,377	16,264	29,941	14,015	15,926	700	362	338	1.87	2,865
2009.1/4	마포구	합정동	9,404	21,815	10,704	11,111	21,494	10,565	10,929	321	139	182	2.29	2,027
2009.1/4	마포구	망원1동	10,355	25,245	12,442	12,803	24,727	12,215	12,512	518	227	291	2.39	2,289
2009.1/4	마포구	망원2동	8,503	21,793	10,693	11,100	21,695	10,653	11,042	98	40	58	2.55	1,910
2009.1/4	마포구	연남동	8,876	20,802	10,111	10,691	19,731	9,587	10,144	1,071	524	547	2.22	2,120
2009.1/4	마포구	성산1동	8,389	20,888	10,257	10,631	20,463	10,081	10,382	425	176	249	2.44	1,981
2009.1/4	마포구	성산2동	15,754	42,075	20,495	21,580	41,947	20,437	21,510	128	58	70	2.66	3,704
2009.1/4	마포구	상암동	7,768	21,775	10,825	10,950	21,623	10,749	10,874	152	76	76	2.78	1,767
2009.1/4	마포구	도화동	9,025	23,648	11,488	12,160	23,228	11,257	11,971	420	231	189	2.57	2,605
2009.1/4	마포구	서강동	12,002	26,979	13,001	13,978	26,479	12,757	13,722	500	244	256	2.21	2,157
2009.1/4	마포구	공덕동	16,255	38,521	18,985	19,536	37,426	18,491	18,935	1,095	494	601	2.3	4,161
2009.1/4	마포구	아현동	7,789	17,985	8,805	9,180	17,652	8,627	9,025	333	178	155	2.27	1,942
2009.1/4	양천구	소계	182,978	508,403	253,277	255,126	502,710	250,645	252,065	5,693	2,632	3,061	2.75	36,084
2009.1/4	양천구	목1동	10,705	33,120	16,254	16,866	32,828	16,087	16,741	292	167	125	3.07	1,793
2009.1/4	양천구	목2동	12,072	32,296	16,010	16,286	32,022	15,900	16,122	274	110	164	2.65	2,365
2009.1/4	양천구	목3동	9,259	23,637	11,681	11,956	23,455	11,616	11,839	182	65	117	2.53	1,739
2009.1/4	양천구	목4동	10,508	29,517	14,825	14,692	29,282	14,722	14,560	235	103	132	2.79	1,894
2009.1/4	양천구	신월1동	10,074	25,208	12,884	12,324	24,813	12,726	12,087	395	158	237	2.46	1,838
2009.1/4	양천구	신월2동	8,735	23,603	11,807	11,796	23,479	11,757	11,722	124	50	74	2.69	1,887
2009.1/4	양천구	신월3동	7,818	18,633	9,525	9,108	18,352	9,415	8,937	281	110	171	2.35	1,548
2009.1/4	양천구	신월4동	6,494	18,565	9,302	9,263	18,464	9,268	9,196	101	34	67	2.84	1,481
2009.1/4	양천구	신월5동	5,982	15,792	7,870	7,922	15,618	7,787	7,831	174	83	91	2.61	1,201
2009.1/4	양천구	신월6동	6,032	15,554	7,832	7,722	15,389	7,771	7,618	165	61	104	2.55	1,208
2009.1/4	양천구	신월7동	9,650	26,552	13,331	13,221	26,351	13,259	13,092	201	72	129	2.73	2,325
2009.1/4	양천구	신정1동	8,697	25,670	12,649	13,021	24,776	12,218	12,558	894	431	463	2.85	1,758
2009.1/4	양천구	신정2동	7,508	23,413	11,631	11,782	23,143	11,494	11,649	270	137	133	3.08	1,571
2009.1/4	양천구	신정3동	18,919	50,468	25,097	25,371	49,552	24,637	24,915	916	460	456	2.62	3,505
2009.1/4	양천구	신정6동	8,778	27,917	13,724	14,193	27,820	13,668	14,152	97	56	41	3.17	1,534
2009.1/4	양천구	신정7동	11,709	34,037	16,917	17,120	33,655	16,714	16,941	382	203	179	2.87	2,895
2009.1/4	양천구	목5동	14,801	47,498	23,579	23,919	47,363	23,518	23,845	135	61	74	3.2	2,686
2009.1/4	양천구	신정4동	15,237	36,923	18,359	18,564	36,348	18,088	18,260	575	271	304	2.39	2,856
2009.1/4	강서구	소계	223,194	584,728	288,588	296,140	577,913	285,273	292,640	6,815	3,315	3,500	2.59	46,539
2009.1/4	강서구	염창동	14,081	41,994	20,826	21,168	41,804	20,735	21,069	190	91	99	2.97	2,464
2009.1/4	강서구	등촌1동	8,345	21,512	10,738	10,774	21,090	10,543	10,547	422	195	227	2.53	1,685
2009.1/4	강서구	등촌2동	8,316	23,024	11,552	11,472	22,961	11,525	11,436	63	27	36	2.76	1,607
2009.1/4	강서구	등촌3동	14,767	38,804	18,595	20,209	38,712	18,567	20,145	92	28	64	2.62	3,908
2009.1/4	강서구	화곡본동	14,740	36,165	17,780	18,385	35,895	17,658	18,237	270	122	148	2.44	2,477
2009.1/4	강서구	화곡2동	8,075	20,935	10,385	10,550	20,770	10,317	10,453	165	68	97	2.57	1,491
2009.1/4	강서구	화곡3동	8,838	24,372	11,903	12,469	24,214	11,834	12,380	158	69	89	2.74	1,946
2009.1/4	강서구	화곡4동	9,267	23,104	11,510	11,594	22,874	11,404	11,470	230	106	124	2.47	1,861
2009.1/4	강서구	화곡6동	9,683	24,950	12,295	12,655	24,805	12,232	12,573	145	63	82	2.56	1,811
2009.1/4	강서구	화곡8동	11,025	27,825	13,726	14,099	27,585	13,623	13,962	240	103	137	2.5	2,077
2009.1/4	강서구	가양1동	7,722	22,148	11,214	10,934	21,596	10,906	10,690	552	308	244	2.8	1,503
2009.1/4	강서구	가양2동	8,031	19,052	9,217	9,835	19,015	9,207	9,808	37	10	27	2.37	2,300
2009.1/4	강서구	가양3동	7,775	20,096	9,700	10,396	20,000	9,662	10,338	96	38	58	2.57	2,204
2009.1/4	강서구	발산1동	11,611	33,228	16,136	17,092	32,972	16,018	16,954	256	118	138	2.84	2,274
2009.1/4	강서구	공항동	9,702	22,665	11,710	10,955	21,642	10,990	10,652	1,023	720	303	2.23	2,031
2009.1/4	강서구	방화1동	12,099	32,286	16,286	16,000	31,599	15,965	15,634	687	321	366	2.61	2,534
2009.1/4	강서구	방화2동	11,058	26,762	13,279	13,483	26,553	13,190	13,363	209	89	120	2.4	2,788
2009.1/4	강서구	방화3동	11,576	28,459	13,816	14,643	28,325	13,762	14,563	134	54	80	2.45	2,818
2009.1/4	강서구	화곡1동	20,257	51,962	25,730	26,232	50,273	25,019	25,254	1,689	711	978	2.48	3,994
2009.1/4	강서구	우장산동	16,226	45,385	22,190	23,195	45,228	22,116	23,112	157	74	83	2.79	2,766
2009.1/4	구로구	소계	165,684	449,603	227,303	222,300	420,152	212,124	208,028	29,451	15,179	14,272	2.54	36,319
2009.1/4	구로구	신도림동	12,893	37,120	18,439	18,681	36,797	18,268	18,529	323	171	152	2.85	2,439
2009.1/4	구로구	구로1동	7,983	28,312	14,222	14,090	23,215	11,604	11,611	5,097	2,618	2,479	2.91	1,520
2009.1/4	구로구	구로3동	12,255	27,633	14,018	13,615	26,679	13,534	13,145	954	484	470	2.18	1,885
2009.1/4	구로구	구로4동	11,625	30,887	15,428	15,459	27,095	13,520	13,575	3,792	1,908	1,884	2.33	2,788
2009.1/4	구로구	구로5동	12,559	34,746	17,583	17,163	31,854	16,065	15,789	2,892	1,518	1,374	2.54	2,655
2009.1/4	구로구	고척1동	9,738	26,930	13,611	13,319	26,492	13,403	13,089	438	208	230	2.72	2,234
2009.1/4	구로구	고척2동	10,865	28,646	14,602	14,044	28,348	14,465	13,883	298	137	161	2.61	2,454
2009.1/4	구로구	개봉2동	12,991	36,409	18,044	18,365	36,209	17,954	18,255	200	90	110	2.79	2,867
2009.1/4	구로구	개봉3동	8,462	22,845	11,370	11,475	22,695	11,310	11,385	150	60	90	2.68	1,804
2009.1/4	구로구	오류1동	8,129	21,724	10,943	10,781	21,044	10,619	10,425	680	324	356	2.59	1,982
2009.1/4	구로구	오류2동	11,477	30,101	15,337	14,764	29,720	15,136	14,584	381	201	180	2.59	2,711
2009.1/4	구로구	수궁동	8,389	22,278	11,270	11,008	21,999	11,109	10,890	279	161	118	2.62	1,997
2009.1/4	구로구	가리봉동	8,265	23,766	12,767	10,999	15,705	8,500	7,205	8,061	4,267	3,794	1.9	2,058
2009.1/4	구로구	구로2동	15,332	39,533	20,149	19,384	34,679	17,631	17,048	4,854	2,518	2,336	2.26	3,712
2009.1/4	구로구	개봉1동	14,721	38,673	19,520	19,153	37,621	19,006	18,615	1,052	514	538	2.56	3,213
2009.1/4	금천구	소계	100,323	266,505	136,129	130,376	247,357	125,967	121,390	19,148	10,162	8,986	2.47	22,150
2009.1/4	금천구	가산동	9,565	24,867	13,720	11,147	19,157	10,504	8,653	5,710	3,216	2,494	2	1,791
2009.1/4	금천구	독산1동	12,769	36,777	18,909	17,868	31,778	16,280	15,498	4,999	2,629	2,370	2.49	3,129
2009.1/4	금천구	독산2동	9,987	24,993	12,684	12,309	24,082	12,226	11,856	911	458	453	2.41	1,848
2009.1/4	금천구	독산3동	12,583	32,744	16,549	16,195	29,551	14,855	14,696	3,193	1,694	1,499	2.35	2,547
2009.1/4	금천구	독산4동	8,355	20,911	10,678	10,233	20,025	10,223	9,802	886	455	431	2.4	1,443
2009.1/4	금천구	시흥1동	13,301	34,739	17,600	17,139	32,191	16,315	15,876	2,548	1,285	1,263	2.42	3,146
2009.1/4	금천구	시흥2동	8,829	26,049	13,003	13,046	25,985	12,975	13,010	64	28	36	2.94	2,244
2009.1/4	금천구	시흥3동	4,846	13,200	6,701	6,499	13,087	6,640	6,447	113	61	52	2.7	1,369
2009.1/4	금천구	시흥4동	10,001	26,150	13,170	12,980	25,724	12,968	12,756	426	202	224	2.57	2,112
2009.1/4	금천구	시흥5동	10,087	26,075	13,115	12,960	25,777	12,981	12,796	298	134	164	2.56	2,521
2009.1/4	영등포구	소계	168,373	445,945	225,151	220,794	408,301	205,785	202,516	37,644	19,366	18,278	2.42	39,689
2009.1/4	영등포구	여의동	12,402	34,092	16,604	17,488	33,391	16,176	17,215	701	428	273	2.69	3,691
2009.1/4	영등포구	당산1동	8,881	20,943	10,541	10,402	20,308	10,222	10,086	635	319	316	2.29	2,066
2009.1/4	영등포구	당산2동	12,779	33,660	16,639	17,021	33,008	16,281	16,727	652	358	294	2.58	2,900
2009.1/4	영등포구	양평1동	6,843	17,234	8,737	8,497	16,796	8,498	8,298	438	239	199	2.45	1,553
2009.1/4	영등포구	양평2동	7,995	22,068	11,234	10,834	21,702	11,045	10,657	366	189	177	2.71	1,604
2009.1/4	영등포구	신길1동	9,734	26,682	13,487	13,195	20,968	10,593	10,375	5,714	2,894	2,820	2.15	2,544
2009.1/4	영등포구	신길3동	8,141	20,985	10,543	10,442	20,045	10,076	9,969	940	467	473	2.46	1,943
2009.1/4	영등포구	신길4동	5,795	14,809	7,465	7,344	13,814	6,976	6,838	995	489	506	2.38	1,427
2009.1/4	영등포구	신길5동	7,714	20,725	10,529	10,196	18,148	9,177	8,971	2,577	1,352	1,225	2.35	1,799
2009.1/4	영등포구	신길6동	9,780	26,149	13,053	13,096	24,794	12,358	12,436	1,355	695	660	2.54	2,342
2009.1/4	영등포구	신길7동	7,572	20,457	10,255	10,202	19,679	9,875	9,804	778	380	398	2.6	1,695
2009.1/4	영등포구	대림1동	7,636	20,916	10,556	10,360	17,998	9,091	8,907	2,918	1,465	1,453	2.36	1,864
2009.1/4	영등포구	대림2동	8,833	28,216	14,280	13,936	19,760	9,883	9,877	8,456	4,397	4,059	2.24	2,234
2009.1/4	영등포구	대림3동	12,220	33,951	17,184	16,767	30,328	15,355	14,973	3,623	1,829	1,794	2.48	2,530
2009.1/4	영등포구	영등포본동	11,107	28,597	14,537	14,060	26,068	13,206	12,862	2,529	1,331	1,198	2.35	2,440
2009.1/4	영등포구	영등포동	9,503	19,269	10,705	8,564	18,314	10,231	8,083	955	474	481	1.93	2,151
2009.1/4	영등포구	도림동	9,812	25,151	12,758	12,393	21,469	10,890	10,579	3,682	1,868	1,814	2.19	2,203
2009.1/4	영등포구	문래동	11,626	32,041	16,044	15,997	31,711	15,852	15,859	330	192	138	2.73	2,703
2009.1/4	동작구	소계	164,170	411,960	203,176	208,784	401,281	198,219	203,062	10,679	4,957	5,722	2.44	39,041
2009.1/4	동작구	노량진2동	7,999	18,041	8,991	9,050	17,180	8,569	8,611	861	422	439	2.15	1,877
2009.1/4	동작구	상도1동	16,668	40,290	19,812	20,478	39,268	19,388	19,880	1,022	424	598	2.36	3,851
2009.1/4	동작구	상도2동	10,801	26,221	12,884	13,337	25,979	12,775	13,204	242	109	133	2.41	2,586
2009.1/4	동작구	상도3동	9,750	24,483	12,057	12,426	24,302	11,979	12,323	181	78	103	2.49	2,536
2009.1/4	동작구	상도4동	11,889	30,190	15,004	15,186	29,966	14,904	15,062	224	100	124	2.52	2,976
2009.1/4	동작구	사당1동	10,516	23,496	11,353	12,143	23,043	11,133	11,910	453	220	233	2.19	1,883
2009.1/4	동작구	사당3동	10,031	25,963	12,897	13,066	25,664	12,743	12,921	299	154	145	2.56	2,405
2009.1/4	동작구	사당4동	6,308	15,474	7,599	7,875	15,334	7,545	7,789	140	54	86	2.43	1,438
2009.1/4	동작구	사당5동	6,376	16,025	8,026	7,999	15,948	7,992	7,956	77	34	43	2.5	1,315
2009.1/4	동작구	대방동	14,614	39,690	19,496	20,194	39,272	19,299	19,973	418	197	221	2.69	3,410
2009.1/4	동작구	신대방1동	10,171	30,079	14,810	15,269	26,743	13,137	13,606	3,336	1,673	1,663	2.63	2,350
2009.1/4	동작구	신대방2동	7,816	20,672	10,092	10,580	20,459	10,000	10,459	213	92	121	2.62	1,885
2009.1/4	동작구	흑석동	14,863	34,342	16,960	17,382	33,410	16,603	16,807	932	357	575	2.25	3,914
2009.1/4	동작구	노량진1동	13,985	35,080	17,576	17,504	34,182	17,158	17,024	898	418	480	2.44	3,661
2009.1/4	동작구	사당2동	12,383	31,914	15,619	16,295	30,531	14,994	15,537	1,383	625	758	2.47	2,954
2009.1/4	관악구	소계	242,422	552,895	280,410	272,485	534,513	271,658	262,855	18,382	8,752	9,630	2.2	45,734
2009.1/4	관악구	보라매동	11,443	27,513	13,736	13,777	27,232	13,612	13,620	281	124	157	2.38	2,493
2009.1/4	관악구	청림동	6,801	17,671	8,713	8,958	17,596	8,683	8,913	75	30	45	2.59	1,557
2009.1/4	관악구	행운동	14,990	30,794	15,389	15,405	30,449	15,229	15,220	345	160	185	2.03	2,450
2009.1/4	관악구	낙성대동	9,531	18,281	9,388	8,893	17,832	9,181	8,651	449	207	242	1.87	1,315
2009.1/4	관악구	중앙동	7,064	15,093	7,534	7,559	14,682	7,338	7,344	411	196	215	2.08	1,439
2009.1/4	관악구	인헌동	13,342	29,485	14,668	14,817	29,220	14,552	14,668	265	116	149	2.19	2,382
2009.1/4	관악구	남현동	7,901	18,054	8,840	9,214	17,771	8,703	9,068	283	137	146	2.25	1,504
2009.1/4	관악구	서원동	12,220	28,638	14,300	14,338	24,528	12,326	12,202	4,110	1,974	2,136	2.01	2,010
2009.1/4	관악구	신원동	9,460	21,504	10,644	10,860	20,743	10,276	10,467	761	368	393	2.19	1,896
2009.1/4	관악구	서림동	13,145	25,284	13,910	11,374	25,080	13,822	11,258	204	88	116	1.91	1,993
2009.1/4	관악구	신사동	12,152	28,222	14,142	14,080	26,080	13,070	13,010	2,142	1,072	1,070	2.15	1,984
2009.1/4	관악구	신림동	10,729	18,079	8,974	9,105	17,621	8,770	8,851	458	204	254	1.64	1,162
2009.1/4	관악구	난향동	6,758	18,297	9,111	9,186	18,163	9,028	9,135	134	83	51	2.69	1,469
2009.1/4	관악구	조원동	8,245	20,106	10,163	9,943	17,966	9,082	8,884	2,140	1,081	1,059	2.18	1,730
2009.1/4	관악구	대학동	13,639	23,618	14,056	9,562	23,229	13,869	9,360	389	187	202	1.7	1,643
2009.1/4	관악구	은천동	14,917	40,540	20,216	20,324	37,304	18,713	18,591	3,236	1,503	1,733	2.5	3,359
2009.1/4	관악구	성현동	12,845	35,595	17,671	17,924	35,431	17,603	17,828	164	68	96	2.76	3,311
2009.1/4	관악구	청룡동	17,649	35,454	17,757	17,697	33,827	16,992	16,835	1,627	765	862	1.92	2,793
2009.1/4	관악구	난곡동	13,169	33,027	16,898	16,129	32,656	16,738	15,918	371	160	211	2.48	3,020
2009.1/4	관악구	삼성동	12,739	31,822	16,165	15,657	31,625	16,082	15,543	197	83	114	2.48	3,464
2009.1/4	관악구	미성동	13,683	35,818	18,135	17,683	35,478	17,989	17,489	340	146	194	2.59	2,760
2009.1/4	서초구	소계	161,886	418,726	203,416	215,310	412,889	200,648	212,241	5,837	2,768	3,069	2.55	31,891
2009.1/4	서초구	서초1동	8,604	21,777	10,628	11,149	20,733	10,061	10,672	1,044	567	477	2.41	1,521
2009.1/4	서초구	서초2동	8,842	23,306	11,420	11,886	23,136	11,334	11,802	170	86	84	2.62	1,664
2009.1/4	서초구	서초3동	12,147	31,300	15,730	15,570	30,169	15,209	14,960	1,131	521	610	2.48	2,509
2009.1/4	서초구	서초4동	10,125	29,310	14,297	15,013	29,151	14,228	14,923	159	69	90	2.88	2,045
2009.1/4	서초구	잠원동	15,231	37,560	17,956	19,604	37,034	17,699	19,335	526	257	269	2.43	2,521
2009.1/4	서초구	반포본동	4,519	14,243	6,706	7,537	13,520	6,381	7,139	723	325	398	2.99	1,229
2009.1/4	서초구	반포1동	11,934	25,689	12,319	13,370	25,543	12,249	13,294	146	70	76	2.14	1,471
2009.1/4	서초구	반포2동	4,521	13,420	6,415	7,005	13,383	6,396	6,987	37	19	18	2.96	1,025
2009.1/4	서초구	반포3동	8,680	24,368	11,760	12,608	24,316	11,736	12,580	52	24	28	2.8	1,846
2009.1/4	서초구	반포4동	7,559	20,852	10,042	10,810	20,589	9,919	10,670	263	123	140	2.72	1,521
2009.1/4	서초구	방배본동	7,804	21,430	10,187	11,243	21,333	10,150	11,183	97	37	60	2.73	1,785
2009.1/4	서초구	방배1동	6,575	16,466	7,929	8,537	16,354	7,885	8,469	112	44	68	2.49	1,354
2009.1/4	서초구	방배2동	11,328	28,809	13,946	14,863	28,650	13,886	14,764	159	60	99	2.53	2,311
2009.1/4	서초구	방배3동	9,569	26,307	12,903	13,404	26,145	12,827	13,318	162	76	86	2.73	2,125
2009.1/4	서초구	방배4동	10,127	26,121	12,338	13,783	25,960	12,266	13,694	161	72	89	2.56	2,085
2009.1/4	서초구	양재1동	11,202	27,497	13,381	14,116	26,899	13,109	13,790	598	272	326	2.4	2,406
2009.1/4	서초구	양재2동	10,472	23,651	11,928	11,723	23,463	11,831	11,632	188	97	91	2.24	1,619
2009.1/4	서초구	내곡동	2,647	6,620	3,531	3,089	6,511	3,482	3,029	109	49	60	2.46	854
2009.1/4	강남구	소계	228,367	568,035	274,166	293,869	560,227	270,185	290,042	7,808	3,981	3,827	2.45	39,718
2009.1/4	강남구	신사동	8,789	21,611	10,174	11,437	20,824	9,794	11,030	787	380	407	2.37	1,917
2009.1/4	강남구	논현1동	15,016	27,784	12,938	14,846	26,875	12,482	14,393	909	456	453	1.79	1,856
2009.1/4	강남구	논현2동	11,346	23,948	11,370	12,578	23,859	11,338	12,521	89	32	57	2.1	1,789
2009.1/4	강남구	삼성1동	5,915	16,123	8,248	7,875	15,396	7,826	7,570	727	422	305	2.6	1,243
2009.1/4	강남구	삼성2동	13,061	30,072	14,466	15,606	30,003	14,428	15,575	69	38	31	2.3	1,867
2009.1/4	강남구	대치1동	7,822	26,863	13,236	13,627	25,894	12,738	13,156	969	498	471	3.31	1,443
2009.1/4	강남구	대치4동	10,662	22,248	10,483	11,765	22,135	10,419	11,716	113	64	49	2.08	1,217
2009.1/4	강남구	역삼1동	20,794	36,826	17,579	19,247	35,425	16,870	18,555	1,401	709	692	1.7	2,207
2009.1/4	강남구	역삼2동	13,442	31,745	14,986	16,759	31,655	14,940	16,715	90	46	44	2.35	1,936
2009.1/4	강남구	도곡1동	8,071	22,296	10,808	11,488	21,640	10,428	11,212	656	380	276	2.68	1,485
2009.1/4	강남구	도곡2동	11,919	33,906	16,171	17,735	33,760	16,073	17,687	146	98	48	2.83	2,337
2009.1/4	강남구	개포1동	8,123	22,507	10,863	11,644	22,125	10,679	11,446	382	184	198	2.72	1,447
2009.1/4	강남구	개포4동	9,685	24,271	11,922	12,349	24,161	11,872	12,289	110	50	60	2.49	1,448
2009.1/4	강남구	일원본동	7,719	23,318	11,415	11,903	23,292	11,407	11,885	26	8	18	3.02	1,297
2009.1/4	강남구	일원1동	7,701	19,593	9,699	9,894	19,545	9,678	9,867	48	21	27	2.54	1,787
2009.1/4	강남구	일원2동	7,443	20,181	9,827	10,354	20,169	9,820	10,349	12	7	5	2.71	1,498
2009.1/4	강남구	수서동	7,686	17,987	8,253	9,734	17,844	8,193	9,651	143	60	83	2.32	2,260
2009.1/4	강남구	세곡동	2,014	5,244	2,689	2,555	5,172	2,651	2,521	72	38	34	2.57	697
2009.1/4	강남구	압구정동	11,179	29,199	13,784	15,415	29,108	13,748	15,360	91	36	55	2.6	3,010
2009.1/4	강남구	청담동	12,192	31,288	15,102	16,186	30,756	14,829	15,927	532	273	259	2.52	2,375
2009.1/4	강남구	대치2동	14,769	45,250	22,951	22,299	45,110	22,889	22,221	140	62	78	3.05	2,607
2009.1/4	강남구	개포2동	13,019	35,775	17,202	18,573	35,479	17,083	18,396	296	119	177	2.73	1,995
2009.1/4	송파구	소계	259,552	688,823	338,182	350,641	680,839	334,594	346,245	7,984	3,588	4,396	2.62	48,122
2009.1/4	송파구	풍납1동	8,294	21,330	10,488	10,842	20,315	10,025	10,290	1,015	463	552	2.45	1,710
2009.1/4	송파구	풍납2동	11,511	29,935	14,557	15,378	29,853	14,527	15,326	82	30	52	2.59	2,100
2009.1/4	송파구	거여1동	5,977	16,568	8,428	8,140	16,234	8,304	7,930	334	124	210	2.72	1,174
2009.1/4	송파구	거여2동	11,706	30,545	15,464	15,081	30,415	15,413	15,002	130	51	79	2.6	2,400
2009.1/4	송파구	마천1동	7,974	19,932	10,151	9,781	19,474	9,994	9,480	458	157	301	2.44	1,793
2009.1/4	송파구	마천2동	8,867	23,819	12,096	11,723	23,695	12,045	11,650	124	51	73	2.67	2,166
2009.1/4	송파구	방이1동	6,225	18,005	8,882	9,123	17,401	8,603	8,798	604	279	325	2.8	1,202
2009.1/4	송파구	방이2동	11,217	26,130	12,799	13,331	26,029	12,760	13,269	101	39	62	2.32	1,773
2009.1/4	송파구	오륜동	6,415	21,197	10,332	10,865	21,154	10,316	10,838	43	16	27	3.3	1,214
2009.1/4	송파구	오금동	14,365	39,777	19,857	19,920	39,466	19,701	19,765	311	156	155	2.75	2,959
2009.1/4	송파구	송파1동	11,612	28,478	13,692	14,786	27,781	13,365	14,416	697	327	370	2.39	1,931
2009.1/4	송파구	송파2동	7,002	20,924	10,320	10,604	20,847	10,287	10,560	77	33	44	2.98	1,393
2009.1/4	송파구	석촌동	16,061	36,872	18,109	18,763	36,012	17,702	18,310	860	407	453	2.24	2,404
2009.1/4	송파구	삼전동	15,566	35,434	17,012	18,422	35,044	16,847	18,197	390	165	225	2.25	2,064
2009.1/4	송파구	가락본동	11,561	30,643	15,262	15,381	29,924	14,923	15,001	719	339	380	2.59	1,948
2009.1/4	송파구	가락1동	6,444	15,996	7,862	8,134	15,964	7,847	8,117	32	15	17	2.48	1,122
2009.1/4	송파구	가락2동	12,575	36,557	18,112	18,445	36,435	18,055	18,380	122	57	65	2.9	2,080
2009.1/4	송파구	문정1동	8,476	23,344	11,470	11,874	22,955	11,295	11,660	389	175	214	2.71	1,585
2009.1/4	송파구	문정2동	5,587	16,675	8,162	8,513	16,626	8,138	8,488	49	24	25	2.98	1,693
2009.1/4	송파구	장지동	13,231	35,611	17,525	18,086	35,479	17,466	18,013	132	59	73	2.68	2,463
2009.1/4	송파구	잠실본동	14,267	32,249	15,293	16,956	31,272	14,851	16,421	977	442	535	2.19	1,911
2009.1/4	송파구	잠실4동	10,508	29,878	14,604	15,274	29,703	14,517	15,186	175	87	88	2.83	2,091
2009.1/4	송파구	잠실6동	5,951	17,467	8,432	9,035	17,453	8,425	9,028	14	7	7	2.93	1,432
2009.1/4	송파구	잠실7동	3,523	10,773	5,115	5,658	10,729	5,088	5,641	44	27	17	3.05	1,133
2009.1/4	송파구	잠실2동	11,681	33,175	16,013	17,162	33,119	15,984	17,135	56	29	27	2.84	1,770
2009.1/4	송파구	잠실3동	12,956	37,509	18,145	19,364	37,460	18,116	19,344	49	29	20	2.89	2,611
2009.1/4	강동구	소계	179,050	476,148	238,491	237,657	471,072	236,365	234,707	5,076	2,126	2,950	2.63	34,421
2009.1/4	강동구	강일동	476	1,263	647	616	1,250	641	609	13	6	7	2.63	135
2009.1/4	강동구	상일동	10,115	29,745	14,972	14,773	29,586	14,892	14,694	159	80	79	2.92	1,903
2009.1/4	강동구	명일1동	10,189	29,392	14,493	14,899	29,228	14,422	14,806	164	71	93	2.87	2,025
2009.1/4	강동구	명일2동	6,088	19,319	9,682	9,637	19,309	9,677	9,632	10	5	5	3.17	1,175
2009.1/4	강동구	고덕1동	7,309	21,259	10,692	10,567	21,063	10,625	10,438	196	67	129	2.88	1,468
2009.1/4	강동구	고덕2동	7,181	19,962	10,186	9,776	19,918	10,168	9,750	44	18	26	2.77	1,498
2009.1/4	강동구	암사2동	5,939	16,304	8,096	8,208	16,275	8,084	8,191	29	12	17	2.74	1,045
2009.1/4	강동구	암사3동	6,249	18,792	9,295	9,497	18,773	9,280	9,493	19	15	4	3	1,136
2009.1/4	강동구	천호1동	13,030	33,977	16,977	17,000	32,648	16,465	16,183	1,329	512	817	2.51	2,640
2009.1/4	강동구	천호3동	13,300	29,532	14,851	14,681	29,262	14,731	14,531	270	120	150	2.2	2,585
2009.1/4	강동구	성내1동	7,875	21,607	10,770	10,837	21,580	10,757	10,823	27	13	14	2.74	1,497
2009.1/4	강동구	성내2동	11,946	27,704	13,768	13,936	27,374	13,618	13,756	330	150	180	2.29	2,305
2009.1/4	강동구	성내3동	10,105	25,418	12,754	12,664	25,344	12,725	12,619	74	29	45	2.51	1,769
2009.1/4	강동구	둔촌1동	6,682	21,263	11,032	10,231	21,094	10,971	10,123	169	61	108	3.16	1,052
2009.1/4	강동구	둔촌2동	9,989	27,805	13,786	14,019	27,755	13,767	13,988	50	19	31	2.78	2,028
2009.1/4	강동구	암사1동	16,168	40,576	20,326	20,250	40,024	20,111	19,913	552	215	337	2.48	3,106
2009.1/4	강동구	천호2동	16,529	39,374	19,888	19,486	38,145	19,337	18,808	1,229	551	678	2.31	3,352
2009.1/4	강동구	길동	19,880	52,856	26,276	26,580	52,444	26,094	26,350	412	182	230	2.64	3,702