기간	자치구	동	구분	구분	구분	구분	구분	구분	구분	구분
기간	자치구	동	총전입(⑦=①+③+⑤)	총전출(⑧=②+④+⑥)	구내이동	구내이동	구간이동	구간이동	시ㆍ도간이동	시ㆍ도간이동
기간	자치구	동	총전입(⑦=①+③+⑤)	총전출(⑧=②+④+⑥)	전입(①)	전출(②)	전입(③)	전출(④)	전입(⑤)	전출(⑥)
2013	합계	합계	1,520,090	1,620,640	468,394	468,394	584,614	584,614	467,082	567,632
2013	종로구	소계	24,676	30,007	4,921	4,921	11,803	16,405	7,952	8,681
2013	종로구	사직동	1,665	1,872	406	360	828	990	431	522
2013	종로구	삼청동	431	538	85	123	228	267	118	148
2013	종로구	부암동	1,668	1,802	473	391	750	845	445	566
2013	종로구	평창동	2,534	2,559	502	372	1,315	1,301	717	886
2013	종로구	무악동	1,249	1,256	228	117	742	801	279	338
2013	종로구	교남동	849	3,676	144	364	417	2,625	288	687
2013	종로구	가회동	671	845	129	147	330	451	212	247
2013	종로구	종로1.2.3.4가동	1,686	1,756	183	218	839	926	664	612
2013	종로구	종로5·6가동	892	1,069	203	258	374	519	315	292
2013	종로구	이화동	1,694	1,739	330	317	754	916	610	506
2013	종로구	창신1동	932	1,210	312	320	393	605	227	285
2013	종로구	창신2동	1,029	1,405	343	335	403	718	283	352
2013	종로구	창신3동	1,004	1,247	286	334	479	595	239	318
2013	종로구	숭인1동	1,096	1,205	360	292	498	606	238	307
2013	종로구	숭인2동	2,054	1,732	239	167	1,114	1,056	701	509
2013	종로구	청운효자동	2,057	2,622	418	592	980	1,269	659	761
2013	종로구	혜화동	3,165	3,474	280	214	1,359	1,915	1,526	1,345
2013	중구	소계	19,191	22,508	3,608	3,608	9,623	12,152	5,960	6,748
2013	중구	소공동	356	392	24	10	206	239	126	143
2013	중구	회현동	1,003	995	60	64	625	618	318	313
2013	중구	명동	438	545	22	55	252	311	164	179
2013	중구	필동	773	861	102	109	339	425	332	327
2013	중구	장충동	1,029	1,079	176	187	316	518	537	374
2013	중구	광희동	726	955	118	175	331	445	277	335
2013	중구	을지로동	299	369	37	30	156	207	106	132
2013	중구	신당5동	1,732	1,853	428	461	936	997	368	395
2013	중구	황학동	1,867	2,001	281	261	956	1,114	630	626
2013	중구	중림동	1,497	2,646	68	82	944	1,895	485	669
2013	중구	신당동	1,197	1,425	313	372	519	652	365	401
2013	중구	다산동	2,282	2,575	608	532	981	1,237	693	806
2013	중구	약수동	2,362	2,828	372	332	1,323	1,607	667	889
2013	중구	청구동	1,970	2,266	431	494	981	1,101	558	671
2013	중구	동화동	1,660	1,718	568	444	758	786	334	488
2013	용산구	소계	34,935	39,623	8,140	8,140	15,304	17,614	11,491	13,869
2013	용산구	후암동	2,577	3,020	709	690	1,004	1,226	864	1,104
2013	용산구	용산2가동	1,585	1,931	445	423	599	741	541	767
2013	용산구	남영동	1,920	1,719	475	404	869	762	576	553
2013	용산구	원효로2동	1,868	2,037	513	440	833	969	522	628
2013	용산구	효창동	1,723	1,846	580	488	751	779	392	579
2013	용산구	용문동	1,843	2,028	594	572	759	810	490	646
2013	용산구	이촌1동	2,998	3,252	609	573	1,572	1,625	817	1,054
2013	용산구	이촌2동	1,126	1,517	361	340	459	611	306	566
2013	용산구	이태원1동	1,263	1,542	346	464	506	614	411	464
2013	용산구	이태원2동	1,608	1,759	352	457	697	739	559	563
2013	용산구	서빙고동	2,247	2,512	464	451	801	963	982	1,098
2013	용산구	보광동	2,340	2,775	709	503	819	1,170	812	1,102
2013	용산구	청파동	3,516	4,127	468	550	1,656	2,096	1,392	1,481
2013	용산구	원효로1동	2,448	2,459	654	558	1,046	1,106	748	795
2013	용산구	한강로동	2,569	3,019	477	572	1,229	1,438	863	1,009
2013	용산구	한남동	3,304	4,080	384	655	1,704	1,965	1,216	1,460
2013	성동구	소계	45,399	47,356	11,302	11,302	21,032	21,460	13,065	14,594
2013	성동구	왕십리2동	2,298	2,681	669	754	1,019	1,165	610	762
2013	성동구	마장동	3,170	3,601	716	764	1,307	1,697	1,147	1,140
2013	성동구	사근동	2,088	2,139	323	408	503	887	1,262	844
2013	성동구	행당1동	2,481	2,820	775	782	1,035	1,207	671	831
2013	성동구	행당2동	3,099	3,605	880	824	1,431	1,669	788	1,112
2013	성동구	응봉동	2,305	2,622	856	725	848	1,091	601	806
2013	성동구	금호1가동	1,684	2,996	567	1,185	717	1,134	400	677
2013	성동구	금호4가동	2,617	2,557	822	869	1,274	1,014	521	674
2013	성동구	성수1가1동	2,357	2,804	705	819	994	1,098	658	887
2013	성동구	성수1가2동	2,696	3,222	677	633	1,152	1,473	867	1,116
2013	성동구	성수2가1동	2,444	2,996	592	577	1,064	1,401	788	1,018
2013	성동구	성수2가3동	2,096	2,209	457	472	935	1,025	704	712
2013	성동구	송정동	1,683	1,831	235	155	1,003	1,082	445	594
2013	성동구	용답동	2,113	2,314	209	134	1,197	1,433	707	747
2013	성동구	왕십리도선동	1,836	2,037	526	573	762	845	548	619
2013	성동구	금호2.3가동	3,503	3,429	1,153	980	1,509	1,509	841	940
2013	성동구	옥수동	6,929	3,493	1,140	648	4,282	1,730	1,507	1,115
2013	광진구	소계	56,235	60,597	16,772	16,772	21,261	23,081	18,202	20,744
2013	광진구	화양동	5,403	5,014	646	959	1,693	2,032	3,064	2,023
2013	광진구	군자동	3,474	3,691	744	758	1,372	1,621	1,358	1,312
2013	광진구	중곡1동	2,772	3,047	973	985	1,077	1,203	722	859
2013	광진구	중곡2동	3,727	3,968	1,393	1,383	1,373	1,458	961	1,127
2013	광진구	중곡3동	2,899	3,263	900	868	1,243	1,392	756	1,003
2013	광진구	중곡4동	4,606	5,115	1,706	1,587	1,813	1,929	1,087	1,599
2013	광진구	능동	2,253	2,310	635	602	878	985	740	723
2013	광진구	구의1동	4,150	4,519	1,295	1,413	1,420	1,537	1,435	1,569
2013	광진구	구의2동	3,650	3,711	1,456	1,145	1,253	1,264	941	1,302
2013	광진구	구의3동	4,105	4,549	1,471	1,228	1,479	1,654	1,155	1,667
2013	광진구	광장동	4,797	4,552	1,034	1,097	2,238	1,758	1,525	1,697
2013	광진구	자양1동	3,706	4,211	1,402	1,436	1,150	1,315	1,154	1,460
2013	광진구	자양2동	3,582	4,244	1,374	1,237	1,190	1,486	1,018	1,521
2013	광진구	자양3동	3,813	4,374	1,042	1,090	1,716	1,826	1,055	1,458
2013	광진구	자양4동	3,298	4,029	701	984	1,366	1,621	1,231	1,424
2013	동대문구	소계	56,066	56,084	16,464	16,464	22,709	21,505	16,893	18,115
2013	동대문구	회기동	2,432	2,384	595	613	700	876	1,137	895
2013	동대문구	휘경1동	2,743	3,073	858	898	878	1,109	1,007	1,066
2013	동대문구	휘경2동	3,707	4,099	971	1,246	1,236	1,346	1,500	1,507
2013	동대문구	청량리동	2,807	3,308	866	1,046	1,142	1,217	799	1,045
2013	동대문구	용신동	4,700	5,481	714	1,132	2,337	2,577	1,649	1,772
2013	동대문구	제기동	3,921	4,386	885	961	1,708	2,047	1,328	1,378
2013	동대문구	전농1동	9,546	3,842	3,717	1,111	3,999	1,408	1,830	1,323
2013	동대문구	전농2동	2,954	3,181	1,212	1,396	1,102	964	640	821
2013	동대문구	답십리1동	2,819	3,179	779	1,223	1,296	1,127	744	829
2013	동대문구	답십리2동	3,540	4,283	1,245	1,692	1,386	1,377	909	1,214
2013	동대문구	장안1동	5,134	5,353	1,337	1,480	2,372	2,133	1,425	1,740
2013	동대문구	장안2동	4,385	4,907	1,526	1,786	1,781	1,631	1,078	1,490
2013	동대문구	이문1동	4,773	5,499	1,166	1,283	1,533	2,235	2,074	1,981
2013	동대문구	이문2동	2,605	3,109	593	597	1,239	1,458	773	1,054
2013	중랑구	소계	61,677	65,539	24,314	24,314	21,331	19,517	16,032	21,708
2013	중랑구	면목2동	4,052	4,255	1,550	1,637	1,429	1,203	1,073	1,415
2013	중랑구	면목4동	3,112	3,629	767	976	1,476	1,514	869	1,139
2013	중랑구	면목5동	1,898	2,404	824	1,118	690	630	384	656
2013	중랑구	면목7동	3,392	4,048	1,231	1,357	1,316	1,399	845	1,292
2013	중랑구	상봉1동	3,626	3,348	1,757	1,481	995	845	874	1,022
2013	중랑구	상봉2동	3,424	3,657	1,284	1,433	1,117	981	1,023	1,243
2013	중랑구	중화1동	3,108	3,380	1,211	1,325	1,061	913	836	1,142
2013	중랑구	중화2동	4,250	4,898	1,690	1,673	1,442	1,458	1,118	1,767
2013	중랑구	묵1동	5,340	5,415	1,611	1,396	2,330	1,989	1,399	2,030
2013	중랑구	묵2동	3,230	3,549	1,189	1,119	1,237	1,278	804	1,152
2013	중랑구	망우3동	2,953	3,195	1,419	1,521	826	754	708	920
2013	중랑구	신내1동	5,214	4,207	2,375	1,553	1,787	1,176	1,052	1,478
2013	중랑구	신내2동	3,128	3,532	1,218	1,306	1,052	1,049	858	1,177
2013	중랑구	면목본동	5,849	5,911	2,435	2,501	1,928	1,687	1,486	1,723
2013	중랑구	면목3.8동	4,379	4,945	2,002	2,055	1,364	1,469	1,013	1,421
2013	중랑구	망우본동	4,722	5,166	1,751	1,863	1,281	1,172	1,690	2,131
2013	성북구	소계	64,081	71,262	19,260	19,260	26,903	29,945	17,918	22,057
2013	성북구	돈암1동	1,872	2,216	647	676	759	825	466	715
2013	성북구	돈암2동	3,493	3,210	1,325	1,063	1,481	1,220	687	927
2013	성북구	안암동	3,261	3,545	640	826	1,168	1,540	1,453	1,179
2013	성북구	보문동	2,267	2,428	565	632	1,114	1,158	588	638
2013	성북구	정릉1동	2,818	3,307	1,292	1,341	923	1,067	603	899
2013	성북구	정릉2동	3,186	3,627	1,558	1,375	1,018	1,177	610	1,075
2013	성북구	정릉3동	2,400	2,727	727	890	719	870	954	967
2013	성북구	정릉4동	3,584	3,857	1,201	1,076	1,486	1,503	897	1,278
2013	성북구	길음1동	5,324	5,113	1,366	1,007	2,761	2,445	1,197	1,661
2013	성북구	길음2동	2,535	2,961	645	663	1,272	1,509	618	789
2013	성북구	월곡1동	3,297	3,568	961	746	1,476	1,678	860	1,144
2013	성북구	월곡2동	2,916	3,322	912	1,004	1,111	1,242	893	1,076
2013	성북구	장위1동	2,741	3,536	1,010	1,005	1,074	1,471	657	1,060
2013	성북구	장위2동	2,445	3,259	1,072	1,134	854	1,163	519	962
2013	성북구	장위3동	2,174	2,694	686	658	1,054	1,298	434	738
2013	성북구	성북동	2,653	3,056	711	920	1,093	1,286	849	850
2013	성북구	삼선동	4,091	4,432	1,169	1,190	1,614	1,834	1,308	1,408
2013	성북구	동선동	3,479	3,538	1,029	1,143	1,111	1,334	1,339	1,061
2013	성북구	종암동	5,249	5,661	1,034	1,171	2,445	2,588	1,770	1,902
2013	성북구	석관동	4,296	5,205	710	740	2,370	2,737	1,216	1,728
2013	강북구	소계	47,329	52,704	16,985	16,985	19,800	20,864	10,544	14,855
2013	강북구	번1동	3,547	3,752	931	965	1,660	1,725	956	1,062
2013	강북구	번2동	2,303	2,755	911	967	890	1,044	502	744
2013	강북구	번3동	2,029	2,324	526	455	1,130	1,155	373	714
2013	강북구	수유1동	3,455	3,744	1,510	1,483	1,200	1,218	745	1,043
2013	강북구	수유2동	3,089	3,518	1,191	1,113	1,233	1,495	665	910
2013	강북구	수유3동	4,356	4,354	1,597	1,474	1,733	1,645	1,026	1,235
2013	강북구	삼양동	4,175	5,000	1,752	1,949	1,549	1,723	874	1,328
2013	강북구	미아동	3,826	4,133	1,567	1,702	1,355	1,366	904	1,065
2013	강북구	송중동	3,897	5,104	1,056	1,513	1,832	2,224	1,009	1,367
2013	강북구	송천동	4,142	5,051	1,566	1,859	1,654	1,838	922	1,354
2013	강북구	삼각산동	4,784	4,594	1,336	786	2,439	2,232	1,009	1,576
2013	강북구	우이동	3,251	3,558	1,143	921	1,424	1,580	684	1,057
2013	강북구	인수동	4,475	4,817	1,899	1,798	1,701	1,619	875	1,400
2013	도봉구	소계	47,956	52,619	16,791	16,791	19,119	18,737	12,046	17,091
2013	도봉구	쌍문1동	3,513	3,116	848	706	1,956	1,462	709	948
2013	도봉구	쌍문2동	2,964	3,420	1,305	1,394	943	991	716	1,035
2013	도봉구	쌍문3동	2,563	3,001	893	1,041	1,030	1,079	640	881
2013	도봉구	쌍문4동	2,849	3,296	1,403	1,416	870	985	576	895
2013	도봉구	방학1동	4,644	4,923	1,931	1,721	1,485	1,466	1,228	1,736
2013	도봉구	방학2동	3,330	3,717	1,376	1,553	1,216	1,017	738	1,147
2013	도봉구	방학3동	3,662	4,085	1,644	1,491	1,196	1,346	822	1,248
2013	도봉구	창1동	3,809	3,921	1,334	1,196	1,489	1,501	986	1,224
2013	도봉구	창2동	4,286	4,772	1,383	1,459	1,980	1,838	923	1,475
2013	도봉구	창3동	2,233	2,430	585	646	1,213	1,090	435	694
2013	도봉구	창4동	3,283	3,661	845	787	1,497	1,636	941	1,238
2013	도봉구	창5동	3,553	3,822	1,199	1,072	1,366	1,531	988	1,219
2013	도봉구	도봉1동	3,195	3,689	1,028	1,109	1,130	1,110	1,037	1,470
2013	도봉구	도봉2동	4,072	4,766	1,017	1,200	1,748	1,685	1,307	1,881
2013	노원구	소계	74,362	83,460	25,535	25,535	27,219	26,905	21,608	31,020
2013	노원구	월계1동	3,023	3,316	567	659	1,387	1,348	1,069	1,309
2013	노원구	월계2동	3,071	3,649	572	594	1,755	1,782	744	1,273
2013	노원구	월계3동	4,020	4,876	930	1,205	2,040	1,935	1,050	1,736
2013	노원구	공릉2동	6,246	7,000	1,312	1,311	2,295	2,145	2,639	3,544
2013	노원구	하계1동	3,826	4,139	1,438	1,299	1,472	1,362	916	1,478
2013	노원구	하계2동	2,867	3,310	1,228	1,185	969	1,050	670	1,075
2013	노원구	중계본동	3,324	3,650	1,280	1,112	1,150	1,236	894	1,302
2013	노원구	중계1동	4,088	4,002	1,689	1,641	1,405	1,154	994	1,207
2013	노원구	중계4동	2,838	3,134	1,366	1,320	775	777	697	1,037
2013	노원구	상계1동	5,119	5,531	1,586	1,119	1,759	1,986	1,774	2,426
2013	노원구	상계2동	3,589	3,673	1,891	1,604	881	1,033	817	1,036
2013	노원구	상계5동	3,434	3,792	1,819	1,701	800	877	815	1,214
2013	노원구	상계8동	3,922	5,148	1,145	1,613	1,642	1,463	1,135	2,072
2013	노원구	상계9동	3,295	3,739	1,495	1,538	908	889	892	1,312
2013	노원구	상계10동	2,866	3,434	1,187	1,304	927	962	752	1,168
2013	노원구	상계3.4동	3,954	4,865	1,589	1,473	1,234	1,460	1,131	1,932
2013	노원구	상계6.7동	4,762	5,410	1,456	1,801	1,826	1,743	1,480	1,866
2013	노원구	중계2.3동	4,268	4,806	1,480	1,577	1,725	1,618	1,063	1,611
2013	노원구	공릉1동	5,850	5,986	1,505	1,479	2,269	2,085	2,076	2,422
2013	은평구	소계	77,427	77,311	29,618	29,618	27,168	19,325	20,641	28,368
2013	은평구	녹번동	5,000	5,658	1,765	2,316	1,838	1,415	1,397	1,927
2013	은평구	불광1동	7,205	6,423	2,674	2,203	2,636	1,701	1,895	2,519
2013	은평구	갈현1동	3,950	4,169	1,721	1,655	1,026	827	1,203	1,687
2013	은평구	갈현2동	4,985	4,660	2,464	2,161	1,326	812	1,195	1,687
2013	은평구	구산동	4,829	5,300	2,272	2,182	1,286	1,116	1,271	2,002
2013	은평구	대조동	5,824	5,516	2,370	2,344	1,772	1,240	1,682	1,932
2013	은평구	응암1동	5,335	4,979	2,227	1,984	1,875	1,314	1,233	1,681
2013	은평구	응암2동	4,310	4,100	1,395	1,663	1,976	1,133	939	1,304
2013	은평구	신사1동	4,434	4,406	1,977	1,983	1,413	994	1,044	1,429
2013	은평구	신사2동	2,999	3,625	1,122	1,503	1,052	887	825	1,235
2013	은평구	증산동	2,497	3,044	619	764	1,243	1,212	635	1,068
2013	은평구	수색동	2,123	2,625	440	510	982	974	701	1,141
2013	은평구	진관동	7,371	5,610	1,590	1,083	3,337	1,657	2,444	2,870
2013	은평구	불광2동	3,947	4,675	1,581	1,909	1,171	957	1,195	1,809
2013	은평구	응암3동	4,448	4,660	1,573	1,743	1,757	1,455	1,118	1,462
2013	은평구	역촌동	8,170	7,861	3,828	3,615	2,478	1,631	1,864	2,615
2013	서대문구	소계	47,645	49,668	11,666	11,666	21,247	21,308	14,732	16,694
2013	서대문구	천연동	3,034	3,188	402	524	1,785	1,718	847	946
2013	서대문구	홍제1동	3,563	4,499	1,038	1,360	1,593	1,800	932	1,339
2013	서대문구	홍제3동	2,692	2,991	959	908	1,092	1,126	641	957
2013	서대문구	홍제2동	2,041	2,274	639	541	915	986	487	747
2013	서대문구	홍은1동	2,651	3,145	747	764	1,167	1,235	737	1,146
2013	서대문구	홍은2동	4,665	4,644	1,762	1,289	1,740	1,883	1,163	1,472
2013	서대문구	남가좌1동	444	556	131	216	213	177	100	163
2013	서대문구	남가좌2동	3,998	4,601	1,343	1,456	1,440	1,662	1,215	1,483
2013	서대문구	북가좌1동	4,868	2,249	1,367	476	2,498	952	1,003	821
2013	서대문구	북가좌2동	4,942	5,233	1,087	1,280	2,548	2,364	1,307	1,589
2013	서대문구	충현동	2,707	3,179	472	523	1,376	1,600	859	1,056
2013	서대문구	북아현동	1,334	1,704	256	321	619	791	459	592
2013	서대문구	신촌동	4,814	4,774	386	534	1,800	2,237	2,628	2,003
2013	서대문구	연희동	5,892	6,631	1,077	1,474	2,461	2,777	2,354	2,380
2013	마포구	소계	60,331	65,135	16,445	16,445	24,529	26,637	19,357	22,053
2013	마포구	용강동	2,835	3,063	870	799	1,127	1,308	838	956
2013	마포구	대흥동	2,838	3,013	654	688	931	1,247	1,253	1,078
2013	마포구	염리동	2,110	3,672	582	1,190	769	1,475	759	1,007
2013	마포구	신수동	3,296	3,474	1,109	1,017	1,077	1,268	1,110	1,189
2013	마포구	서교동	6,860	6,530	1,530	1,968	2,871	2,436	2,459	2,126
2013	마포구	합정동	3,765	4,121	1,031	1,178	1,275	1,457	1,459	1,486
2013	마포구	망원1동	3,873	4,284	1,636	1,403	1,208	1,380	1,029	1,501
2013	마포구	망원2동	2,997	3,406	1,322	1,177	967	1,164	708	1,065
2013	마포구	연남동	3,516	3,617	993	902	1,441	1,497	1,082	1,218
2013	마포구	성산1동	3,715	3,747	1,591	1,313	1,162	1,250	962	1,184
2013	마포구	성산2동	4,613	5,055	1,149	932	2,034	2,172	1,430	1,951
2013	마포구	상암동	4,025	4,275	846	520	1,884	2,039	1,295	1,716
2013	마포구	도화동	3,354	3,423	627	590	1,672	1,665	1,055	1,168
2013	마포구	서강동	4,006	4,561	1,049	1,235	1,428	1,767	1,529	1,559
2013	마포구	공덕동	5,887	5,745	855	884	3,426	3,022	1,606	1,839
2013	마포구	아현동	2,641	3,149	601	649	1,257	1,490	783	1,010
2013	양천구	소계	63,005	68,505	20,157	20,157	25,257	24,905	17,591	23,443
2013	양천구	목1동	3,993	4,278	1,166	1,211	1,722	1,763	1,105	1,304
2013	양천구	목2동	4,766	5,148	1,208	1,194	2,159	2,086	1,399	1,868
2013	양천구	목3동	3,865	4,057	1,037	918	1,895	1,849	933	1,290
2013	양천구	목4동	4,131	4,233	1,465	1,290	1,613	1,593	1,053	1,350
2013	양천구	신월1동	3,333	3,706	778	728	1,575	1,504	980	1,474
2013	양천구	신월2동	2,994	2,935	1,439	1,223	875	725	680	987
2013	양천구	신월3동	2,573	2,768	608	635	1,052	884	913	1,249
2013	양천구	신월4동	2,893	2,694	1,432	1,094	785	669	676	931
2013	양천구	신월5동	2,409	2,336	455	364	1,236	1,112	718	860
2013	양천구	신월6동	1,557	2,033	767	919	375	464	415	650
2013	양천구	신월7동	2,615	3,203	903	1,029	806	841	906	1,333
2013	양천구	신정1동	2,218	2,657	947	1,108	709	825	562	724
2013	양천구	신정2동	2,459	2,607	841	856	952	927	666	824
2013	양천구	신정3동	6,338	7,400	2,095	2,134	2,473	2,618	1,770	2,648
2013	양천구	신정6동	3,049	3,357	1,171	1,199	1,046	1,189	832	969
2013	양천구	신정7동	3,471	3,929	1,259	1,214	1,356	1,531	856	1,184
2013	양천구	목5동	4,778	5,054	970	1,439	2,432	2,096	1,376	1,519
2013	양천구	신정4동	5,563	6,110	1,616	1,602	2,196	2,229	1,751	2,279
2013	강서구	소계	84,702	86,246	28,785	28,785	30,372	24,236	25,545	33,225
2013	강서구	염창동	5,055	5,467	1,242	1,378	2,311	2,013	1,502	2,076
2013	강서구	등촌1동	4,398	4,048	1,267	1,368	1,553	1,154	1,578	1,526
2013	강서구	등촌2동	3,060	3,239	709	783	1,535	1,351	816	1,105
2013	강서구	등촌3동	3,941	4,416	1,154	1,462	1,565	1,257	1,222	1,697
2013	강서구	화곡본동	6,073	6,231	2,036	2,167	2,169	1,594	1,868	2,470
2013	강서구	화곡2동	3,198	3,442	1,197	1,327	1,190	946	811	1,169
2013	강서구	화곡3동	3,685	3,769	1,525	1,377	1,246	1,089	914	1,303
2013	강서구	화곡4동	3,521	3,426	980	950	1,582	1,233	959	1,243
2013	강서구	화곡6동	4,560	4,187	1,635	1,418	1,466	1,022	1,459	1,747
2013	강서구	화곡8동	4,423	4,595	1,496	1,593	1,824	1,334	1,103	1,668
2013	강서구	가양1동	4,430	2,908	1,701	965	1,710	700	1,019	1,243
2013	강서구	가양2동	2,062	2,429	545	846	886	709	631	874
2013	강서구	가양3동	2,339	2,736	659	895	1,008	809	672	1,032
2013	강서구	발산1동	4,463	4,500	2,158	1,609	1,158	1,242	1,147	1,649
2013	강서구	공항동	3,439	3,676	1,091	1,148	906	761	1,442	1,767
2013	강서구	방화1동	4,240	4,692	2,043	1,933	902	801	1,295	1,958
2013	강서구	방화2동	3,642	3,870	1,362	1,466	845	690	1,435	1,714
2013	강서구	방화3동	3,399	3,893	1,256	1,301	934	943	1,209	1,649
2013	강서구	화곡1동	9,166	8,818	2,110	2,385	4,091	3,110	2,965	3,323
2013	강서구	우장산동	5,608	5,904	2,619	2,414	1,491	1,478	1,498	2,012
2013	구로구	소계	56,381	62,188	14,891	14,891	19,733	19,885	21,757	27,412
2013	구로구	신도림동	4,193	4,813	805	596	1,971	2,159	1,417	2,058
2013	구로구	구로1동	2,376	2,910	380	398	1,024	961	972	1,551
2013	구로구	구로3동	5,513	5,793	859	853	2,079	2,501	2,575	2,439
2013	구로구	구로4동	3,677	4,504	1,150	1,332	1,341	1,442	1,186	1,730
2013	구로구	구로5동	5,350	5,464	993	1,077	2,188	2,183	2,169	2,204
2013	구로구	고척1동	3,075	3,200	1,150	942	934	952	991	1,306
2013	구로구	고척2동	3,868	4,191	1,313	1,255	1,452	1,316	1,103	1,620
2013	구로구	개봉2동	4,433	4,703	1,315	1,229	1,313	1,230	1,805	2,244
2013	구로구	개봉3동	2,918	3,135	865	950	652	565	1,401	1,620
2013	구로구	오류1동	3,093	3,190	881	891	891	805	1,321	1,494
2013	구로구	오류2동	5,264	5,024	1,368	991	1,751	1,342	2,145	2,691
2013	구로구	수궁동	3,512	3,629	795	835	1,139	865	1,578	1,929
2013	구로구	가리봉동	1,430	2,248	289	581	591	819	550	848
2013	구로구	구로2동	3,868	4,857	1,281	1,427	1,315	1,520	1,272	1,910
2013	구로구	개봉1동	3,811	4,527	1,447	1,534	1,092	1,225	1,272	1,768
2013	금천구	소계	34,966	38,174	11,885	11,885	10,024	10,247	13,057	16,042
2013	금천구	가산동	3,704	3,963	446	707	1,247	1,474	2,011	1,782
2013	금천구	독산1동	5,680	5,960	970	991	1,644	1,636	3,066	3,333
2013	금천구	독산2동	3,081	3,437	1,395	1,412	780	835	906	1,190
2013	금천구	독산3동	3,630	4,188	903	1,174	1,653	1,540	1,074	1,474
2013	금천구	독산4동	2,542	3,074	1,232	1,373	635	745	675	956
2013	금천구	시흥1동	5,545	5,581	2,284	1,933	1,355	1,319	1,906	2,329
2013	금천구	시흥2동	2,925	3,204	1,102	863	918	993	905	1,348
2013	금천구	시흥3동	1,689	1,585	497	396	417	336	775	853
2013	금천구	시흥4동	3,151	3,601	1,530	1,513	773	751	848	1,337
2013	금천구	시흥5동	3,019	3,581	1,526	1,523	602	618	891	1,440
2013	영등포구	소계	57,690	65,125	14,267	14,267	23,101	26,660	20,322	24,198
2013	영등포구	여의동	3,751	4,017	321	302	2,181	2,129	1,249	1,586
2013	영등포구	당산1동	3,489	3,791	1,121	938	1,218	1,487	1,150	1,366
2013	영등포구	당산2동	6,419	5,747	1,171	1,022	2,771	2,522	2,477	2,203
2013	영등포구	양평1동	2,863	3,257	717	691	1,114	1,417	1,032	1,149
2013	영등포구	양평2동	3,104	3,463	528	546	1,399	1,596	1,177	1,321
2013	영등포구	신길1동	3,118	3,493	820	802	1,119	1,395	1,179	1,296
2013	영등포구	신길3동	1,967	2,390	905	858	529	764	533	768
2013	영등포구	신길4동	1,419	1,777	565	516	476	585	378	676
2013	영등포구	신길5동	2,149	2,901	939	1,012	656	945	554	944
2013	영등포구	신길6동	3,017	3,692	654	694	1,520	1,717	843	1,281
2013	영등포구	신길7동	2,807	3,212	424	582	942	1,142	1,441	1,488
2013	영등포구	대림1동	2,583	2,801	942	736	888	1,074	753	991
2013	영등포구	대림2동	2,097	3,175	380	581	977	1,460	740	1,134
2013	영등포구	대림3동	3,846	4,471	1,027	969	1,606	1,882	1,213	1,620
2013	영등포구	영등포본동	3,411	4,045	1,029	981	1,211	1,536	1,171	1,528
2013	영등포구	영등포동	4,448	4,899	719	1,316	1,692	1,841	2,037	1,742
2013	영등포구	도림동	3,017	3,468	885	811	1,039	1,297	1,093	1,360
2013	영등포구	문래동	4,185	4,526	1,120	910	1,763	1,871	1,302	1,745
2013	동작구	소계	70,907	67,868	15,558	15,558	32,277	27,796	23,072	24,514
2013	동작구	노량진2동	2,193	2,915	572	925	665	909	956	1,081
2013	동작구	상도1동	10,775	7,371	1,851	1,287	5,257	3,251	3,667	2,833
2013	동작구	상도2동	4,426	4,771	1,534	1,775	1,481	1,585	1,411	1,411
2013	동작구	상도3동	3,950	3,938	1,546	1,327	1,362	1,254	1,042	1,357
2013	동작구	상도4동	4,226	4,551	1,662	1,436	1,499	1,525	1,065	1,590
2013	동작구	사당1동	4,795	5,033	772	796	2,320	2,409	1,703	1,828
2013	동작구	사당3동	4,222	4,297	1,084	1,033	1,955	1,837	1,183	1,427
2013	동작구	사당4동	2,613	2,981	788	929	1,081	1,051	744	1,001
2013	동작구	사당5동	2,358	2,701	616	724	1,075	1,128	667	849
2013	동작구	대방동	6,009	6,281	1,232	1,192	2,544	2,712	2,233	2,377
2013	동작구	신대방1동	3,551	3,931	349	438	2,064	2,131	1,138	1,362
2013	동작구	신대방2동	3,740	3,762	899	935	1,594	1,529	1,247	1,298
2013	동작구	흑석동	6,987	4,940	891	714	3,819	2,241	2,277	1,985
2013	동작구	노량진1동	4,970	5,614	1,020	1,289	1,770	1,974	2,180	2,351
2013	동작구	사당2동	6,092	4,782	742	758	3,791	2,260	1,559	1,764
2013	관악구	소계	89,789	97,304	25,624	25,624	28,044	33,734	36,121	37,946
2013	관악구	보라매동	3,954	4,414	1,254	1,236	1,412	1,688	1,288	1,490
2013	관악구	청림동	2,286	2,755	655	609	1,033	1,282	598	864
2013	관악구	행운동	5,929	6,443	1,479	1,758	1,931	2,254	2,519	2,431
2013	관악구	낙성대동	4,239	4,392	1,066	1,322	1,177	1,385	1,996	1,685
2013	관악구	중앙동	3,046	3,140	1,091	1,103	756	973	1,199	1,064
2013	관악구	인헌동	4,874	5,224	1,203	1,128	1,602	2,006	2,069	2,090
2013	관악구	남현동	4,023	4,152	330	368	1,895	1,804	1,798	1,980
2013	관악구	서원동	5,079	5,391	1,590	1,623	1,346	1,706	2,143	2,062
2013	관악구	신원동	3,016	3,628	1,043	1,198	806	1,050	1,167	1,380
2013	관악구	서림동	5,293	5,567	1,527	1,576	1,381	1,613	2,385	2,378
2013	관악구	신사동	4,364	4,861	1,300	1,312	1,414	1,801	1,650	1,748
2013	관악구	신림동	5,694	5,713	1,152	1,292	1,440	1,996	3,102	2,425
2013	관악구	난향동	2,290	2,675	795	659	783	896	712	1,120
2013	관악구	조원동	3,458	3,511	838	659	1,291	1,508	1,329	1,344
2013	관악구	대학동	5,455	5,602	963	1,232	1,531	1,625	2,961	2,745
2013	관악구	은천동	5,054	5,545	1,796	1,440	1,643	2,042	1,615	2,063
2013	관악구	성현동	3,928	4,415	1,366	1,069	1,486	1,775	1,076	1,571
2013	관악구	청룡동	6,710	6,977	1,726	1,855	1,804	2,411	3,180	2,711
2013	관악구	난곡동	3,952	4,320	1,686	1,464	1,175	1,242	1,091	1,614
2013	관악구	삼성동	2,817	3,493	1,066	1,086	857	1,036	894	1,371
2013	관악구	미성동	4,328	5,086	1,698	1,635	1,281	1,641	1,349	1,810
2013	서초구	소계	80,562	76,974	21,145	21,145	37,194	31,585	22,223	24,244
2013	서초구	서초1동	3,938	4,291	1,124	1,266	1,366	1,488	1,448	1,537
2013	서초구	서초2동	3,654	3,831	952	1,003	1,521	1,533	1,181	1,295
2013	서초구	서초3동	4,961	5,619	1,241	1,423	1,946	2,104	1,774	2,092
2013	서초구	서초4동	3,819	5,162	1,066	1,709	1,602	2,020	1,151	1,433
2013	서초구	잠원동	4,839	6,313	1,089	1,518	2,258	2,935	1,492	1,860
2013	서초구	반포본동	1,992	2,210	734	701	910	1,083	348	426
2013	서초구	반포1동	6,387	6,592	1,623	1,440	2,738	2,995	2,026	2,157
2013	서초구	반포2동	2,645	4,636	918	1,816	1,122	1,959	605	861
2013	서초구	반포3동	3,308	3,514	1,216	1,119	1,293	1,411	799	984
2013	서초구	반포4동	2,995	3,231	1,118	1,097	1,056	1,178	821	956
2013	서초구	방배본동	3,532	3,562	1,269	1,132	1,466	1,488	797	942
2013	서초구	방배1동	3,242	3,277	1,106	1,010	1,284	1,345	852	922
2013	서초구	방배2동	4,860	5,003	1,262	1,284	2,239	2,107	1,359	1,612
2013	서초구	방배3동	3,531	3,986	1,070	1,178	1,448	1,538	1,013	1,270
2013	서초구	방배4동	4,641	4,931	1,503	1,597	1,984	2,096	1,154	1,238
2013	서초구	양재1동	16,918	5,046	3,079	635	10,553	2,205	3,286	2,206
2013	서초구	양재2동	4,095	4,734	540	982	1,844	1,800	1,711	1,952
2013	서초구	내곡동	1,205	1,036	235	235	564	300	406	501
2013	강남구	소계	96,256	100,020	27,690	27,690	37,289	37,181	31,277	35,149
2013	강남구	신사동	2,973	3,565	682	922	1,287	1,585	1,004	1,058
2013	강남구	논현1동	5,663	6,132	1,173	1,221	2,302	2,636	2,188	2,275
2013	강남구	논현2동	4,446	4,734	1,473	1,364	1,573	1,855	1,400	1,515
2013	강남구	삼성1동	2,631	2,883	905	839	1,019	1,071	707	973
2013	강남구	삼성2동	5,920	6,549	2,038	2,139	2,201	2,411	1,681	1,999
2013	강남구	대치1동	2,931	2,881	1,107	1,265	1,073	941	751	675
2013	강남구	대치4동	5,501	5,551	1,557	1,576	1,656	1,876	2,288	2,099
2013	강남구	역삼1동	9,354	9,498	2,042	2,003	3,524	3,666	3,788	3,829
2013	강남구	역삼2동	6,478	7,209	2,057	2,303	2,271	2,444	2,150	2,462
2013	강남구	도곡1동	3,373	3,522	927	859	1,400	1,401	1,046	1,262
2013	강남구	도곡2동	5,915	4,918	2,141	1,670	2,222	1,602	1,552	1,646
2013	강남구	개포1동	3,091	3,651	1,166	1,166	1,010	1,195	915	1,290
2013	강남구	개포4동	3,487	4,009	820	826	1,424	1,610	1,243	1,573
2013	강남구	일원본동	2,760	3,066	752	801	1,173	1,154	835	1,111
2013	강남구	일원1동	2,129	2,693	549	676	741	920	839	1,097
2013	강남구	일원2동	2,249	2,774	730	894	807	896	712	984
2013	강남구	수서동	1,927	2,381	588	533	778	921	561	927
2013	강남구	세곡동	6,462	1,833	1,359	253	3,462	701	1,641	879
2013	강남구	압구정동	3,519	4,178	994	1,135	1,503	1,813	1,022	1,230
2013	강남구	청담동	4,741	5,540	1,647	1,862	1,762	2,031	1,332	1,647
2013	강남구	대치2동	5,764	6,567	1,523	1,887	2,390	2,437	1,851	2,243
2013	강남구	개포2동	4,942	5,886	1,460	1,496	1,711	2,015	1,771	2,375
2013	송파구	소계	99,953	108,855	37,469	37,469	32,343	33,125	30,141	38,261
2013	송파구	풍납1동	2,217	2,786	538	559	964	1,217	715	1,010
2013	송파구	풍납2동	3,601	4,369	877	936	1,386	1,821	1,338	1,612
2013	송파구	거여1동	2,186	2,418	1,134	1,082	414	482	638	854
2013	송파구	거여2동	3,311	4,102	1,410	1,535	800	1,029	1,101	1,538
2013	송파구	마천1동	2,837	3,635	1,426	1,427	700	916	711	1,292
2013	송파구	마천2동	2,809	3,106	1,542	1,443	534	655	733	1,008
2013	송파구	방이1동	2,265	2,814	1,077	1,182	612	770	576	862
2013	송파구	방이2동	4,398	4,815	1,701	1,654	1,288	1,356	1,409	1,805
2013	송파구	오륜동	2,320	2,433	735	791	1,040	990	545	652
2013	송파구	오금동	4,862	5,469	2,204	2,065	1,298	1,456	1,360	1,948
2013	송파구	송파1동	4,949	5,143	2,036	1,820	1,341	1,413	1,572	1,910
2013	송파구	송파2동	2,816	3,034	1,324	1,211	727	796	765	1,027
2013	송파구	석촌동	6,337	6,650	2,696	2,347	1,673	1,835	1,968	2,468
2013	송파구	삼전동	6,036	6,316	2,350	1,816	1,808	1,912	1,878	2,588
2013	송파구	가락본동	4,404	4,887	1,755	1,784	1,346	1,299	1,303	1,804
2013	송파구	가락1동	218	5,007	102	3,015	67	1,087	49	905
2013	송파구	가락2동	4,327	4,861	2,077	1,801	1,081	1,332	1,169	1,728
2013	송파구	문정1동	3,466	3,687	1,453	1,428	913	847	1,100	1,412
2013	송파구	문정2동	3,916	1,818	960	455	1,573	674	1,383	689
2013	송파구	장지동	8,418	5,904	2,441	1,641	3,098	1,675	2,879	2,588
2013	송파구	잠실본동	5,444	5,777	1,546	1,510	1,974	2,013	1,924	2,254
2013	송파구	잠실4동	4,264	4,830	1,340	1,555	1,760	1,688	1,164	1,587
2013	송파구	잠실6동	2,865	2,429	957	805	1,165	840	743	784
2013	송파구	잠실7동	1,027	1,216	304	310	463	561	260	345
2013	송파구	잠실2동	5,637	5,818	1,532	1,605	2,479	2,407	1,626	1,806
2013	송파구	잠실3동	5,023	5,531	1,952	1,692	1,839	2,054	1,232	1,785
2013	강동구	소계	68,569	75,508	29,102	29,102	19,932	19,805	19,535	26,601
2013	강동구	강일동	3,956	4,287	1,573	1,171	1,326	1,402	1,057	1,714
2013	강동구	상일동	3,428	4,005	1,612	1,574	750	855	1,066	1,576
2013	강동구	명일1동	3,901	4,259	2,073	2,120	812	855	1,016	1,284
2013	강동구	명일2동	2,429	2,591	1,235	1,176	608	616	586	799
2013	강동구	고덕1동	2,436	2,963	1,002	1,256	793	684	641	1,023
2013	강동구	고덕2동	2,333	2,759	1,056	1,130	544	621	733	1,008
2013	강동구	암사2동	2,525	2,790	1,029	1,163	770	707	726	920
2013	강동구	암사3동	2,775	2,771	1,383	1,185	742	731	650	855
2013	강동구	천호1동	4,567	5,166	2,430	2,363	925	1,036	1,212	1,767
2013	강동구	천호3동	3,911	4,549	1,580	1,783	1,172	1,218	1,159	1,548
2013	강동구	성내1동	2,922	3,292	1,054	1,091	1,098	1,077	770	1,124
2013	강동구	성내2동	4,276	4,732	1,428	1,579	1,474	1,525	1,374	1,628
2013	강동구	성내3동	4,259	4,513	1,686	1,634	1,354	1,319	1,219	1,560
2013	강동구	둔촌1동	2,537	2,950	693	895	1,109	1,103	735	952
2013	강동구	둔촌2동	3,847	4,045	1,618	1,346	1,102	1,080	1,127	1,619
2013	강동구	암사1동	5,577	6,156	2,739	2,660	1,441	1,335	1,397	2,161
2013	강동구	천호2동	5,554	6,166	2,215	2,334	1,698	1,684	1,641	2,148
2013	강동구	길동	7,336	7,514	2,696	2,642	2,214	1,957	2,426	2,915