기간	자치구	동	구분	구분	구분	구분	구분	구분	구분	구분
기간	자치구	동	총전입(⑦=①+③+⑤)	총전출(⑧=②+④+⑥)	구내이동	구내이동	구간이동	구간이동	시ㆍ도간이동	시ㆍ도간이동
기간	자치구	동	총전입(⑦=①+③+⑤)	총전출(⑧=②+④+⑥)	전입(①)	전출(②)	전입(③)	전출(④)	전입(⑤)	전출(⑥)
2016	합계	합계	1,515,602	1,655,859	487,722	487,722	574,193	574,193	453,687	593,944
2016	종로구	소계	23,604	26,386	4,145	4,145	11,135	13,913	8,324	8,328
2016	종로구	사직동	1,725	1,790	290	301	928	988	507	501
2016	종로구	삼청동	348	420	60	76	191	207	97	137
2016	종로구	부암동	1,415	1,651	381	349	660	799	374	503
2016	종로구	평창동	2,667	2,664	408	332	1,320	1,452	939	880
2016	종로구	무악동	1,071	1,187	131	86	678	729	262	372
2016	종로구	교남동	691	839	153	110	347	467	191	262
2016	종로구	가회동	564	779	73	136	306	415	185	228
2016	종로구	종로1.2.3.4가동	1,757	1,909	128	250	856	974	773	685
2016	종로구	종로5·6가동	920	1,137	163	281	342	493	415	363
2016	종로구	이화동	1,507	1,800	245	294	627	958	635	548
2016	종로구	창신1동	865	1,099	262	321	372	510	231	268
2016	종로구	창신2동	953	1,240	282	299	431	586	240	355
2016	종로구	창신3동	1,030	1,272	239	247	512	671	279	354
2016	종로구	숭인1동	1,018	1,137	299	244	471	579	248	314
2016	종로구	숭인2동	2,108	1,972	277	119	1,058	1,229	773	624
2016	종로구	청운효자동	1,756	2,163	380	493	765	1,027	611	643
2016	종로구	혜화동	3,209	3,327	374	207	1,271	1,829	1,564	1,291
2016	중구	소계	20,595	21,655	3,844	3,844	10,582	11,618	6,169	6,193
2016	중구	소공동	985	313	40	22	711	193	234	98
2016	중구	회현동	884	1,005	40	109	514	605	330	291
2016	중구	명동	494	520	57	52	283	300	154	168
2016	중구	필동	747	867	97	117	307	431	343	319
2016	중구	장충동	924	1,158	137	240	286	501	501	417
2016	중구	광희동	989	894	205	165	457	453	327	276
2016	중구	을지로동	351	379	44	46	188	210	119	123
2016	중구	신당5동	1,528	1,881	398	429	785	1,018	345	434
2016	중구	황학동	2,298	2,436	298	312	1,285	1,470	715	654
2016	중구	중림동	1,401	1,471	66	65	907	927	428	479
2016	중구	신당동	1,834	1,551	444	475	892	680	498	396
2016	중구	다산동	2,221	2,420	555	561	997	1,138	669	721
2016	중구	약수동	2,388	2,718	423	382	1,268	1,557	697	779
2016	중구	청구동	1,927	2,343	537	453	928	1,264	462	626
2016	중구	동화동	1,624	1,699	503	416	774	871	347	412
2016	용산구	소계	34,124	38,615	7,881	7,881	14,917	17,371	11,326	13,363
2016	용산구	후암동	2,392	2,828	674	605	922	1,134	796	1,089
2016	용산구	용산2가동	1,372	1,860	380	444	520	735	472	681
2016	용산구	남영동	1,789	1,810	369	379	829	834	591	597
2016	용산구	원효로2동	1,906	2,173	520	440	901	1,031	485	702
2016	용산구	효창동	1,476	1,740	455	465	643	729	378	546
2016	용산구	용문동	1,767	2,001	507	545	777	845	483	611
2016	용산구	이촌1동	3,313	3,481	676	605	1,773	1,785	864	1,091
2016	용산구	이촌2동	1,149	1,478	367	405	456	558	326	515
2016	용산구	이태원1동	1,155	1,358	346	412	439	481	370	465
2016	용산구	이태원2동	1,252	1,595	268	381	542	681	442	533
2016	용산구	서빙고동	2,380	2,293	475	422	736	866	1,169	1,005
2016	용산구	보광동	2,063	2,487	599	508	719	1,058	745	921
2016	용산구	청파동	3,196	3,694	462	476	1,391	1,813	1,343	1,405
2016	용산구	원효로1동	3,053	2,837	826	603	1,315	1,255	912	979
2016	용산구	한강로동	2,748	2,854	514	613	1,292	1,321	942	920
2016	용산구	한남동	3,113	4,126	443	578	1,662	2,245	1,008	1,303
2016	성동구	소계	47,629	46,986	11,320	11,320	23,322	20,542	12,987	15,124
2016	성동구	왕십리2동	2,759	2,408	796	727	1,364	971	599	710
2016	성동구	마장동	3,087	3,715	702	807	1,224	1,589	1,161	1,319
2016	성동구	사근동	2,348	2,674	332	541	594	1,050	1,422	1,083
2016	성동구	행당1동	2,012	2,495	617	827	794	999	601	669
2016	성동구	행당2동	2,898	3,418	713	1,015	1,460	1,375	725	1,028
2016	성동구	응봉동	2,225	2,428	831	811	934	900	460	717
2016	성동구	금호1가동	1,468	1,859	545	679	606	659	317	521
2016	성동구	금호4가동	2,260	2,561	556	838	1,117	1,055	587	668
2016	성동구	성수1가1동	2,442	2,833	633	788	1,122	1,099	687	946
2016	성동구	성수1가2동	2,463	3,053	575	735	1,112	1,293	776	1,025
2016	성동구	성수2가1동	2,321	2,974	591	560	1,020	1,360	710	1,054
2016	성동구	성수2가3동	2,111	2,225	474	437	964	1,010	673	778
2016	성동구	송정동	1,763	1,820	320	150	1,039	1,077	404	593
2016	성동구	용답동	2,370	2,498	238	156	1,439	1,532	693	810
2016	성동구	왕십리도선동	4,929	2,997	1,133	579	2,824	1,478	972	940
2016	성동구	금호2.3가동	5,279	3,442	1,428	1,010	2,804	1,297	1,047	1,135
2016	성동구	옥수동	4,894	3,586	836	660	2,905	1,798	1,153	1,128
2016	광진구	소계	55,362	60,446	16,943	16,943	21,257	21,770	17,162	21,733
2016	광진구	화양동	5,550	5,611	632	1,098	1,685	2,249	3,233	2,264
2016	광진구	군자동	3,508	3,895	825	968	1,471	1,546	1,212	1,381
2016	광진구	중곡1동	2,728	3,029	964	970	1,113	1,062	651	997
2016	광진구	중곡2동	3,855	3,747	1,558	1,254	1,409	1,225	888	1,268
2016	광진구	중곡3동	2,921	3,151	911	832	1,361	1,342	649	977
2016	광진구	중곡4동	4,284	4,701	1,573	1,437	1,674	1,621	1,037	1,643
2016	광진구	능동	2,300	2,463	676	737	929	906	695	820
2016	광진구	구의1동	4,156	4,390	1,289	1,408	1,433	1,445	1,434	1,537
2016	광진구	구의2동	3,445	3,537	1,415	1,076	1,208	1,138	822	1,323
2016	광진구	구의3동	4,087	4,561	1,359	1,193	1,520	1,575	1,208	1,793
2016	광진구	광장동	4,302	4,756	880	940	2,166	1,927	1,256	1,889
2016	광진구	자양1동	4,036	4,187	1,622	1,454	1,285	1,285	1,129	1,448
2016	광진구	자양2동	3,740	4,245	1,547	1,304	1,239	1,387	954	1,554
2016	광진구	자양3동	3,643	4,515	1,090	1,215	1,548	1,762	1,005	1,538
2016	광진구	자양4동	2,807	3,658	602	1,057	1,216	1,300	989	1,301
2016	동대문구	소계	49,591	55,622	14,207	14,207	19,652	22,181	15,732	19,234
2016	동대문구	회기동	2,081	2,332	502	555	566	879	1,013	898
2016	동대문구	휘경1동	2,385	3,133	801	927	692	1,207	892	999
2016	동대문구	휘경2동	3,825	4,006	1,216	1,018	1,070	1,455	1,539	1,533
2016	동대문구	청량리동	2,630	3,064	833	749	1,061	1,254	736	1,061
2016	동대문구	용신동	5,396	5,300	801	924	2,662	2,532	1,933	1,844
2016	동대문구	제기동	3,510	4,407	821	850	1,449	1,986	1,240	1,571
2016	동대문구	전농1동	3,783	4,408	1,275	1,320	1,382	1,584	1,126	1,504
2016	동대문구	전농2동	2,161	2,518	992	901	693	816	476	801
2016	동대문구	답십리1동	3,657	4,156	974	1,097	1,731	1,645	952	1,414
2016	동대문구	답십리2동	3,006	3,639	1,136	1,323	1,218	1,153	652	1,163
2016	동대문구	장안1동	6,075	5,450	1,714	1,341	2,842	2,226	1,519	1,883
2016	동대문구	장안2동	4,285	5,279	1,691	1,754	1,643	1,864	951	1,661
2016	동대문구	이문1동	4,133	4,899	847	1,066	1,341	1,967	1,945	1,866
2016	동대문구	이문2동	2,664	3,031	604	382	1,302	1,613	758	1,036
2016	중랑구	소계	60,566	64,823	24,608	24,608	21,351	17,417	14,607	22,798
2016	중랑구	면목2동	3,721	3,919	1,539	1,612	1,382	1,003	800	1,304
2016	중랑구	면목4동	3,012	3,508	784	978	1,500	1,313	728	1,217
2016	중랑구	면목5동	1,731	2,568	720	1,327	645	575	366	666
2016	중랑구	면목7동	3,231	3,898	1,073	1,449	1,369	1,264	789	1,185
2016	중랑구	상봉1동	3,467	3,705	1,674	1,508	988	766	805	1,431
2016	중랑구	상봉2동	4,307	3,960	1,714	1,649	1,435	1,046	1,158	1,265
2016	중랑구	중화1동	3,255	3,377	1,321	1,391	1,197	927	737	1,059
2016	중랑구	중화2동	4,146	4,670	1,571	1,820	1,564	1,269	1,011	1,581
2016	중랑구	묵1동	4,608	5,128	1,485	1,402	1,981	1,821	1,142	1,905
2016	중랑구	묵2동	3,781	3,243	1,447	1,159	1,522	1,054	812	1,030
2016	중랑구	망우3동	3,138	2,923	1,701	1,266	807	640	630	1,017
2016	중랑구	신내1동	4,731	4,966	2,261	1,511	1,418	1,230	1,052	2,225
2016	중랑구	신내2동	2,863	3,347	1,189	1,247	997	854	677	1,246
2016	중랑구	면목본동	5,932	5,759	2,450	2,318	2,049	1,441	1,433	2,000
2016	중랑구	면목3.8동	3,957	4,536	1,789	2,000	1,270	1,116	898	1,420
2016	중랑구	망우본동	4,686	5,316	1,890	1,971	1,227	1,098	1,569	2,247
2016	성북구	소계	60,000	70,396	19,693	19,693	23,758	29,144	16,549	21,559
2016	성북구	돈암1동	1,962	2,254	710	781	736	758	516	715
2016	성북구	돈암2동	2,700	2,865	1,037	936	1,100	1,085	563	844
2016	성북구	안암동	3,133	3,308	589	680	965	1,387	1,579	1,241
2016	성북구	보문동	2,543	2,537	650	710	1,156	1,141	737	686
2016	성북구	정릉1동	2,447	2,711	1,182	1,109	736	801	529	801
2016	성북구	정릉2동	3,324	3,466	1,622	1,388	1,029	1,058	673	1,020
2016	성북구	정릉3동	2,347	2,709	745	852	679	902	923	955
2016	성북구	정릉4동	3,111	3,323	1,144	1,001	1,214	1,201	753	1,121
2016	성북구	길음1동	4,628	5,016	1,467	943	2,198	2,353	963	1,720
2016	성북구	길음2동	1,916	5,059	641	1,539	858	2,659	417	861
2016	성북구	월곡1동	3,149	3,524	1,061	790	1,341	1,546	747	1,188
2016	성북구	월곡2동	2,909	3,324	939	1,121	1,079	1,182	891	1,021
2016	성북구	장위1동	3,145	4,062	1,279	1,205	1,312	1,811	554	1,046
2016	성북구	장위2동	2,393	2,860	1,206	1,050	718	979	469	831
2016	성북구	장위3동	1,414	2,333	530	648	616	1,056	268	629
2016	성북구	성북동	2,726	2,945	727	795	1,162	1,204	837	946
2016	성북구	삼선동	3,834	4,338	1,063	1,270	1,479	1,788	1,292	1,280
2016	성북구	동선동	3,261	3,542	965	1,057	947	1,391	1,349	1,094
2016	성북구	종암동	5,003	5,337	1,237	1,067	2,284	2,326	1,482	1,944
2016	성북구	석관동	4,055	4,883	899	751	2,149	2,516	1,007	1,616
2016	강북구	소계	44,791	48,947	15,955	15,955	18,876	18,777	9,960	14,215
2016	강북구	번1동	3,362	3,584	1,002	963	1,471	1,549	889	1,072
2016	강북구	번2동	2,148	2,489	855	813	904	938	389	738
2016	강북구	번3동	1,835	2,187	521	515	938	1,026	376	646
2016	강북구	수유1동	3,383	3,449	1,400	1,362	1,262	1,160	721	927
2016	강북구	수유2동	3,021	3,314	1,210	970	1,237	1,369	574	975
2016	강북구	수유3동	4,354	4,246	1,460	1,374	1,765	1,621	1,129	1,251
2016	강북구	삼양동	3,964	4,359	1,702	1,711	1,435	1,404	827	1,244
2016	강북구	미아동	3,817	3,971	1,448	1,569	1,440	1,350	929	1,052
2016	강북구	송중동	3,415	5,187	934	1,793	1,635	2,091	846	1,303
2016	강북구	송천동	4,513	4,436	1,601	1,624	2,024	1,521	888	1,291
2016	강북구	삼각산동	3,544	4,056	881	714	1,826	1,902	837	1,440
2016	강북구	우이동	3,135	3,077	1,113	840	1,354	1,331	668	906
2016	강북구	인수동	4,300	4,592	1,828	1,707	1,585	1,515	887	1,370
2016	도봉구	소계	44,836	48,607	15,745	15,745	18,310	16,231	10,781	16,631
2016	도봉구	쌍문1동	3,006	3,092	740	742	1,631	1,358	635	992
2016	도봉구	쌍문2동	3,025	3,238	1,345	1,446	1,053	889	627	903
2016	도봉구	쌍문3동	2,496	2,805	785	1,046	1,093	947	618	812
2016	도봉구	쌍문4동	2,387	2,770	1,228	1,210	706	754	453	806
2016	도봉구	방학1동	4,391	4,695	1,846	1,672	1,521	1,366	1,024	1,657
2016	도봉구	방학2동	3,065	3,343	1,304	1,421	1,049	851	712	1,071
2016	도봉구	방학3동	3,105	3,631	1,384	1,272	1,014	1,059	707	1,300
2016	도봉구	창1동	3,441	3,702	1,187	1,135	1,382	1,300	872	1,267
2016	도봉구	창2동	4,192	3,959	1,314	1,228	2,106	1,439	772	1,292
2016	도봉구	창3동	2,023	2,290	530	688	1,094	938	399	664
2016	도봉구	창4동	3,210	3,773	810	663	1,468	1,625	932	1,485
2016	도봉구	창5동	3,365	3,730	1,221	1,089	1,288	1,361	856	1,280
2016	도봉구	도봉1동	3,431	3,281	1,086	990	1,355	893	990	1,398
2016	도봉구	도봉2동	3,699	4,298	965	1,143	1,550	1,451	1,184	1,704
2016	노원구	소계	72,249	81,176	26,140	26,140	25,665	24,363	20,444	30,673
2016	노원구	월계1동	4,676	3,309	1,163	527	2,124	1,410	1,389	1,372
2016	노원구	월계2동	2,457	4,229	399	1,152	1,485	1,704	573	1,373
2016	노원구	월계3동	3,639	4,486	863	1,109	1,849	1,521	927	1,856
2016	노원구	공릉2동	5,556	6,567	1,248	1,438	1,885	1,766	2,423	3,363
2016	노원구	하계1동	4,227	3,969	1,356	1,175	1,226	1,289	1,645	1,505
2016	노원구	하계2동	2,688	3,065	1,203	1,199	941	948	544	918
2016	노원구	중계본동	3,196	3,704	1,337	1,256	994	1,173	865	1,275
2016	노원구	중계1동	3,565	3,949	1,469	1,662	1,253	1,222	843	1,065
2016	노원구	중계4동	2,855	3,217	1,476	1,338	738	803	641	1,076
2016	노원구	상계1동	4,552	5,177	1,508	1,153	1,625	1,633	1,419	2,391
2016	노원구	상계2동	3,461	3,559	1,966	1,584	697	856	798	1,119
2016	노원구	상계5동	3,768	4,120	2,012	1,760	892	1,033	864	1,327
2016	노원구	상계8동	3,455	4,302	1,186	1,429	1,334	1,100	935	1,773
2016	노원구	상계9동	2,795	3,474	1,356	1,392	779	796	660	1,286
2016	노원구	상계10동	2,767	3,455	1,072	1,366	973	914	722	1,175
2016	노원구	상계3.4동	2,990	4,718	1,166	1,817	949	1,256	875	1,645
2016	노원구	상계6.7동	5,697	5,201	2,202	1,635	2,245	1,625	1,250	1,941
2016	노원구	중계2.3동	3,758	4,781	1,367	1,675	1,385	1,402	1,006	1,704
2016	노원구	공릉1동	6,147	5,894	1,791	1,473	2,291	1,912	2,065	2,509
2016	은평구	소계	74,864	82,925	33,453	33,453	23,255	20,740	18,156	28,732
2016	은평구	녹번동	5,841	5,271	2,888	2,054	1,734	1,402	1,219	1,815
2016	은평구	불광1동	6,197	6,332	2,474	2,182	2,070	1,741	1,653	2,409
2016	은평구	갈현1동	3,978	3,963	1,910	1,532	990	750	1,078	1,681
2016	은평구	갈현2동	5,099	4,650	2,804	2,063	1,176	965	1,119	1,622
2016	은평구	구산동	4,859	4,917	2,527	2,114	1,241	1,008	1,091	1,795
2016	은평구	대조동	5,839	5,771	2,746	2,476	1,524	1,296	1,569	1,999
2016	은평구	응암1동	4,163	9,237	2,006	4,891	1,175	1,973	982	2,373
2016	은평구	응암2동	2,970	6,346	1,125	3,306	1,184	1,555	661	1,485
2016	은평구	신사1동	4,371	4,557	2,225	2,057	1,297	1,064	849	1,436
2016	은평구	신사2동	3,375	3,417	1,405	1,372	1,225	935	745	1,110
2016	은평구	증산동	2,628	3,163	830	901	1,177	1,197	621	1,065
2016	은평구	수색동	1,745	2,433	395	581	745	838	605	1,014
2016	은평구	진관동	5,784	5,722	1,398	874	2,248	1,884	2,138	2,964
2016	은평구	불광2동	4,959	4,471	2,368	1,702	1,333	924	1,258	1,845
2016	은평구	응암3동	4,657	4,750	1,807	1,790	1,866	1,517	984	1,443
2016	은평구	역촌동	8,399	7,925	4,545	3,558	2,270	1,691	1,584	2,676
2016	서대문구	소계	55,152	54,236	14,917	14,917	24,253	21,666	15,982	17,653
2016	서대문구	천연동	2,636	2,943	429	480	1,377	1,425	830	1,038
2016	서대문구	홍제1동	4,011	3,538	1,282	991	1,798	1,357	931	1,190
2016	서대문구	홍제3동	2,484	2,707	939	851	972	1,021	573	835
2016	서대문구	홍제2동	1,922	2,168	607	571	849	900	466	697
2016	서대문구	홍은1동	2,469	3,489	712	1,083	1,067	1,281	690	1,125
2016	서대문구	홍은2동	4,796	4,610	1,938	1,441	1,758	1,626	1,100	1,543
2016	서대문구	남가좌1동	6,726	1,375	2,373	426	2,967	456	1,386	493
2016	서대문구	남가좌2동	3,471	7,478	1,148	3,402	1,186	2,386	1,137	1,690
2016	서대문구	북가좌1동	3,248	3,347	957	1,016	1,519	1,334	772	997
2016	서대문구	북가좌2동	5,395	5,347	1,894	1,334	2,397	2,288	1,104	1,725
2016	서대문구	충현동	2,943	3,141	488	679	1,543	1,383	912	1,079
2016	서대문구	북아현동	3,841	2,094	618	399	2,269	978	954	717
2016	서대문구	신촌동	4,931	4,995	403	581	1,829	2,409	2,699	2,005
2016	서대문구	연희동	6,279	7,004	1,129	1,663	2,722	2,822	2,428	2,519
2016	마포구	소계	62,642	72,793	18,248	18,248	24,297	31,508	20,097	23,037
2016	마포구	용강동	3,366	3,284	1,071	938	1,335	1,328	960	1,018
2016	마포구	대흥동	2,631	3,789	797	975	734	1,698	1,100	1,116
2016	마포구	염리동	1,794	5,638	619	1,832	569	2,607	606	1,199
2016	마포구	신수동	5,107	3,447	1,958	1,017	1,910	1,329	1,239	1,101
2016	마포구	서교동	5,620	6,445	1,409	1,834	2,074	2,547	2,137	2,064
2016	마포구	합정동	4,339	4,096	1,318	1,170	1,572	1,397	1,449	1,529
2016	마포구	망원1동	3,692	4,231	1,558	1,432	1,078	1,473	1,056	1,326
2016	마포구	망원2동	2,978	3,388	1,426	1,124	793	1,181	759	1,083
2016	마포구	연남동	3,173	3,809	829	922	1,141	1,754	1,203	1,133
2016	마포구	성산1동	3,233	3,794	1,388	1,203	947	1,408	898	1,183
2016	마포구	성산2동	5,023	5,354	1,254	945	2,085	2,335	1,684	2,074
2016	마포구	상암동	4,163	4,448	747	499	1,853	2,031	1,563	1,918
2016	마포구	도화동	3,244	3,448	583	739	1,582	1,611	1,079	1,098
2016	마포구	서강동	4,368	4,945	1,214	1,388	1,616	1,941	1,538	1,616
2016	마포구	공덕동	5,884	5,768	1,284	902	2,885	3,010	1,715	1,856
2016	마포구	아현동	4,027	6,909	793	1,328	2,123	3,858	1,111	1,723
2016	양천구	소계	65,385	74,404	24,067	24,067	25,381	26,513	15,937	23,824
2016	양천구	목1동	3,807	4,378	1,221	1,288	1,622	1,845	964	1,245
2016	양천구	목2동	5,002	5,030	1,128	1,065	2,486	2,138	1,388	1,827
2016	양천구	목3동	3,662	3,841	876	838	1,897	1,815	889	1,188
2016	양천구	목4동	3,851	4,038	1,406	1,116	1,552	1,632	893	1,290
2016	양천구	신월1동	3,027	3,596	787	731	1,401	1,476	839	1,389
2016	양천구	신월2동	3,599	3,597	2,018	1,485	868	1,016	713	1,096
2016	양천구	신월3동	2,623	2,880	804	610	982	963	837	1,307
2016	양천구	신월4동	2,696	2,718	1,670	1,150	495	676	531	892
2016	양천구	신월5동	2,277	2,522	469	389	1,247	1,128	561	1,005
2016	양천구	신월6동	975	4,860	497	3,044	222	902	256	914
2016	양천구	신월7동	3,042	3,543	1,490	1,177	799	954	753	1,412
2016	양천구	신정1동	5,282	2,461	2,675	945	1,623	766	984	750
2016	양천구	신정2동	2,470	2,956	837	1,084	1,001	1,034	632	838
2016	양천구	신정3동	6,466	9,158	2,781	3,291	2,335	3,027	1,350	2,840
2016	양천구	신정6동	3,031	3,647	1,198	1,427	1,108	1,175	725	1,045
2016	양천구	신정7동	3,371	4,132	1,135	1,338	1,428	1,580	808	1,214
2016	양천구	목5동	4,416	5,137	872	1,345	2,261	2,294	1,283	1,498
2016	양천구	신정4동	5,788	5,910	2,203	1,744	2,054	2,092	1,531	2,074
2016	강서구	소계	95,852	93,011	33,063	33,063	35,464	24,866	27,325	35,082
2016	강서구	염창동	4,722	6,038	1,233	1,633	2,030	2,125	1,459	2,280
2016	강서구	등촌1동	4,623	4,436	1,542	1,658	1,611	1,131	1,470	1,647
2016	강서구	등촌2동	3,634	3,400	907	977	1,839	1,391	888	1,032
2016	강서구	등촌3동	3,985	4,669	1,239	1,674	1,555	1,370	1,191	1,625
2016	강서구	화곡본동	6,064	6,301	1,945	2,347	2,355	1,539	1,764	2,415
2016	강서구	화곡2동	3,268	3,232	1,206	1,343	1,348	804	714	1,085
2016	강서구	화곡3동	3,374	3,839	1,329	1,537	1,145	1,068	900	1,234
2016	강서구	화곡4동	3,248	3,439	981	1,013	1,553	1,180	714	1,246
2016	강서구	화곡6동	4,123	4,279	1,611	1,496	1,251	1,086	1,261	1,697
2016	강서구	화곡8동	4,220	4,543	1,390	1,716	1,816	1,183	1,014	1,644
2016	강서구	가양1동	6,903	4,597	2,044	1,558	2,198	1,181	2,661	1,858
2016	강서구	가양2동	1,979	2,302	587	827	753	557	639	918
2016	강서구	가양3동	2,026	2,631	602	853	814	819	610	959
2016	강서구	발산1동	4,580	5,265	2,005	2,114	1,337	1,254	1,238	1,897
2016	강서구	공항동	6,851	3,392	2,711	1,187	2,787	619	1,353	1,586
2016	강서구	방화1동	8,639	6,459	3,820	2,519	2,670	1,251	2,149	2,689
2016	강서구	방화2동	3,886	4,065	1,599	1,729	858	633	1,429	1,703
2016	강서구	방화3동	3,294	3,903	1,302	1,570	866	768	1,126	1,565
2016	강서구	화곡1동	9,994	9,290	2,237	2,558	4,682	3,081	3,075	3,651
2016	강서구	우장산동	6,439	6,931	2,773	2,754	1,996	1,826	1,670	2,351
2016	구로구	소계	54,368	61,558	14,722	14,722	19,444	19,205	20,202	27,631
2016	구로구	신도림동	4,328	4,749	924	652	2,059	2,184	1,345	1,913
2016	구로구	구로1동	2,167	2,645	385	408	854	859	928	1,378
2016	구로구	구로3동	4,997	5,733	843	974	1,963	2,269	2,191	2,490
2016	구로구	구로4동	3,439	4,417	1,074	1,282	1,243	1,387	1,122	1,748
2016	구로구	구로5동	5,657	5,859	1,065	1,175	2,427	2,147	2,165	2,537
2016	구로구	고척1동	2,974	3,352	1,085	1,023	1,003	1,012	886	1,317
2016	구로구	고척2동	3,929	4,118	1,361	1,291	1,618	1,311	950	1,516
2016	구로구	개봉2동	4,093	4,469	1,224	1,177	1,225	1,160	1,644	2,132
2016	구로구	개봉3동	2,562	2,872	783	768	551	550	1,228	1,554
2016	구로구	오류1동	3,298	3,507	906	921	1,016	884	1,376	1,702
2016	구로구	오류2동	4,630	5,238	1,099	992	1,473	1,378	2,058	2,868
2016	구로구	수궁동	3,264	3,374	778	702	1,062	808	1,424	1,864
2016	구로구	가리봉동	1,357	1,969	301	519	602	721	454	729
2016	구로구	구로2동	3,334	4,552	1,166	1,366	1,046	1,319	1,122	1,867
2016	구로구	개봉1동	4,339	4,704	1,728	1,472	1,302	1,216	1,309	2,016
2016	금천구	소계	34,870	36,528	11,451	11,451	11,013	9,369	12,406	15,708
2016	금천구	가산동	4,525	4,706	544	873	1,602	1,677	2,379	2,156
2016	금천구	독산1동	8,695	5,855	2,148	887	3,008	1,662	3,539	3,306
2016	금천구	독산2동	2,611	3,189	1,240	1,391	658	627	713	1,171
2016	금천구	독산3동	3,152	3,917	727	1,041	1,580	1,467	845	1,409
2016	금천구	독산4동	2,054	2,768	895	1,220	602	570	557	978
2016	금천구	시흥1동	5,181	5,570	2,023	2,062	1,337	1,121	1,821	2,387
2016	금천구	시흥2동	2,310	2,673	775	804	848	722	687	1,147
2016	금천구	시흥3동	1,206	1,678	369	405	296	367	541	906
2016	금천구	시흥4동	2,448	3,205	1,310	1,455	509	589	629	1,161
2016	금천구	시흥5동	2,688	2,967	1,420	1,313	573	567	695	1,087
2016	영등포구	소계	61,308	71,785	17,380	17,380	23,422	29,393	20,506	25,012
2016	영등포구	여의동	3,707	4,070	296	315	2,155	2,250	1,256	1,505
2016	영등포구	당산1동	3,535	3,823	944	954	1,293	1,528	1,298	1,341
2016	영등포구	당산2동	6,605	6,389	1,166	1,252	2,754	2,783	2,685	2,354
2016	영등포구	양평1동	3,095	3,280	659	671	1,285	1,465	1,151	1,144
2016	영등포구	양평2동	3,468	3,312	593	509	1,585	1,531	1,290	1,272
2016	영등포구	신길1동	3,572	3,825	1,109	886	1,143	1,576	1,320	1,363
2016	영등포구	신길3동	4,530	2,943	2,204	1,130	1,511	889	815	924
2016	영등포구	신길4동	1,438	2,812	732	1,185	371	837	335	790
2016	영등포구	신길5동	1,970	4,151	1,065	1,865	471	1,249	434	1,037
2016	영등포구	신길6동	3,198	5,257	1,029	1,416	1,338	2,348	831	1,493
2016	영등포구	신길7동	2,711	4,763	419	1,122	828	1,810	1,464	1,831
2016	영등포구	대림1동	2,572	3,495	1,037	954	919	1,402	616	1,139
2016	영등포구	대림2동	1,688	2,585	471	491	733	1,176	484	918
2016	영등포구	대림3동	3,589	4,289	1,296	847	1,266	1,793	1,027	1,649
2016	영등포구	영등포본동	3,275	3,843	1,249	975	973	1,442	1,053	1,426
2016	영등포구	영등포동	5,099	4,576	956	1,010	1,891	1,821	2,252	1,745
2016	영등포구	도림동	3,318	3,803	1,214	1,029	1,147	1,459	957	1,315
2016	영등포구	문래동	3,938	4,569	941	769	1,759	2,034	1,238	1,766
2016	동작구	소계	66,425	68,243	15,963	15,963	29,101	27,605	21,361	24,675
2016	동작구	노량진2동	2,246	2,574	570	698	735	754	941	1,122
2016	동작구	상도1동	7,566	8,377	1,289	1,583	3,095	3,729	3,182	3,065
2016	동작구	상도2동	7,437	4,705	2,834	1,560	3,003	1,510	1,600	1,635
2016	동작구	상도3동	4,520	4,128	1,712	1,554	1,713	1,237	1,095	1,337
2016	동작구	상도4동	4,578	4,412	1,655	1,505	1,791	1,360	1,132	1,547
2016	동작구	사당1동	4,685	4,726	762	743	2,283	2,276	1,640	1,707
2016	동작구	사당3동	3,698	4,014	1,040	921	1,641	1,708	1,017	1,385
2016	동작구	사당4동	2,486	2,783	803	836	997	1,062	686	885
2016	동작구	사당5동	2,105	2,550	633	698	910	1,089	562	763
2016	동작구	대방동	6,697	6,464	1,475	1,395	3,085	2,591	2,137	2,478
2016	동작구	신대방1동	3,350	3,470	369	343	2,019	1,915	962	1,212
2016	동작구	신대방2동	3,744	4,006	817	1,116	1,682	1,544	1,245	1,346
2016	동작구	흑석동	3,759	4,887	531	766	1,800	2,363	1,428	1,758
2016	동작구	노량진1동	5,474	6,046	990	1,384	2,006	1,983	2,478	2,679
2016	동작구	사당2동	4,080	5,101	483	861	2,341	2,484	1,256	1,756
2016	관악구	소계	91,198	96,179	26,502	26,502	28,095	32,592	36,601	37,085
2016	관악구	보라매동	3,803	4,204	1,286	1,077	1,418	1,635	1,099	1,492
2016	관악구	청림동	2,225	2,551	584	513	1,032	1,101	609	937
2016	관악구	행운동	6,449	6,441	1,735	1,892	1,975	2,203	2,739	2,346
2016	관악구	낙성대동	4,298	4,477	1,163	1,405	1,070	1,345	2,065	1,727
2016	관악구	중앙동	3,299	3,279	1,087	1,167	896	984	1,316	1,128
2016	관악구	인헌동	4,808	5,055	1,158	1,258	1,658	1,761	1,992	2,036
2016	관악구	남현동	4,041	3,730	352	287	2,001	1,801	1,688	1,642
2016	관악구	서원동	5,062	5,341	1,649	1,718	1,376	1,633	2,037	1,990
2016	관악구	신원동	3,601	3,693	1,236	1,213	993	1,162	1,372	1,318
2016	관악구	서림동	5,766	5,903	1,612	1,649	1,578	1,736	2,576	2,518
2016	관악구	신사동	4,386	4,841	1,265	1,401	1,415	1,687	1,706	1,753
2016	관악구	신림동	6,602	5,987	1,409	1,408	1,601	2,093	3,592	2,486
2016	관악구	난향동	2,096	2,413	822	667	700	716	574	1,030
2016	관악구	조원동	3,766	3,760	905	825	1,402	1,549	1,459	1,386
2016	관악구	대학동	6,229	5,863	1,168	1,383	1,639	1,736	3,422	2,744
2016	관악구	은천동	4,851	5,552	1,767	1,579	1,554	1,870	1,530	2,103
2016	관악구	성현동	3,752	4,197	1,322	943	1,442	1,829	988	1,425
2016	관악구	청룡동	6,001	7,165	1,607	2,374	1,469	2,213	2,925	2,578
2016	관악구	난곡동	3,485	3,865	1,595	1,348	949	1,016	941	1,501
2016	관악구	삼성동	2,412	3,092	916	900	743	940	753	1,252
2016	관악구	미성동	4,266	4,770	1,864	1,495	1,184	1,582	1,218	1,693
2016	서초구	소계	71,136	74,319	19,100	19,100	30,999	30,075	21,037	25,144
2016	서초구	서초1동	3,876	4,036	1,089	1,074	1,385	1,441	1,402	1,521
2016	서초구	서초2동	3,396	3,869	793	944	1,393	1,570	1,210	1,355
2016	서초구	서초3동	4,823	5,383	1,188	1,328	1,927	2,067	1,708	1,988
2016	서초구	서초4동	3,417	3,707	1,060	1,018	1,347	1,455	1,010	1,234
2016	서초구	잠원동	6,254	5,558	1,593	1,257	3,068	2,611	1,593	1,690
2016	서초구	반포본동	1,650	2,096	514	916	794	739	342	441
2016	서초구	반포1동	4,822	5,408	1,016	1,201	2,232	2,364	1,574	1,843
2016	서초구	반포2동	5,865	2,446	2,397	783	2,547	1,022	921	641
2016	서초구	반포3동	2,395	4,217	789	1,907	967	1,424	639	886
2016	서초구	반포4동	2,683	3,016	858	1,032	1,073	1,060	752	924
2016	서초구	방배본동	3,414	3,680	1,116	1,249	1,542	1,587	756	844
2016	서초구	방배1동	2,889	3,373	965	1,070	1,176	1,260	748	1,043
2016	서초구	방배2동	4,182	4,988	1,083	1,147	1,898	2,251	1,201	1,590
2016	서초구	방배3동	3,298	3,773	1,082	1,072	1,321	1,486	895	1,215
2016	서초구	방배4동	4,690	4,832	1,477	1,474	2,059	2,040	1,154	1,318
2016	서초구	양재1동	6,299	6,752	1,022	781	2,875	2,830	2,402	3,141
2016	서초구	양재2동	4,451	4,524	533	565	2,185	1,835	1,733	2,124
2016	서초구	내곡동	2,732	2,661	525	282	1,210	1,033	997	1,346
2016	강남구	소계	95,358	108,949	29,827	29,827	34,525	40,474	31,006	38,648
2016	강남구	신사동	2,577	3,003	607	693	1,164	1,416	806	894
2016	강남구	논현1동	5,530	6,187	1,125	1,239	2,213	2,629	2,192	2,319
2016	강남구	논현2동	4,586	5,199	1,531	1,547	1,511	1,938	1,544	1,714
2016	강남구	삼성1동	2,596	2,936	967	1,006	911	1,042	718	888
2016	강남구	삼성2동	5,386	6,042	1,938	2,039	1,746	2,085	1,702	1,918
2016	강남구	대치1동	4,626	3,147	1,770	1,380	1,764	997	1,092	770
2016	강남구	대치4동	4,974	5,414	1,447	1,345	1,522	1,966	2,005	2,103
2016	강남구	역삼1동	9,885	10,231	1,929	2,011	3,442	4,026	4,514	4,194
2016	강남구	역삼2동	7,387	6,906	2,433	2,053	2,788	2,511	2,166	2,342
2016	강남구	도곡1동	3,886	3,712	959	942	1,730	1,464	1,197	1,306
2016	강남구	도곡2동	4,466	5,102	1,650	1,853	1,575	1,712	1,241	1,537
2016	강남구	개포1동	2,989	3,638	1,574	1,115	692	1,195	723	1,328
2016	강남구	개포4동	2,496	6,177	621	1,982	1,071	2,216	804	1,979
2016	강남구	일원본동	3,281	3,705	1,025	1,034	1,249	1,233	1,007	1,438
2016	강남구	일원1동	2,122	2,480	766	467	613	851	743	1,162
2016	강남구	일원2동	2,489	2,743	1,330	736	576	965	583	1,042
2016	강남구	수서동	3,186	2,262	1,275	411	1,252	877	659	974
2016	강남구	세곡동	6,583	5,754	1,553	628	2,816	2,122	2,214	3,004
2016	강남구	압구정동	3,342	4,066	1,017	1,054	1,339	1,835	986	1,177
2016	강남구	청담동	4,605	5,436	1,660	1,829	1,642	2,023	1,303	1,584
2016	강남구	대치2동	5,710	6,359	1,736	1,744	2,144	2,433	1,830	2,182
2016	강남구	개포2동	2,656	8,450	914	2,719	765	2,938	977	2,793
2016	송파구	소계	105,735	112,735	37,505	37,505	36,782	29,011	31,448	46,219
2016	송파구	풍납1동	2,032	2,795	453	485	912	1,184	667	1,126
2016	송파구	풍납2동	3,366	4,974	734	1,080	1,388	1,958	1,244	1,936
2016	송파구	거여1동	2,135	2,603	1,188	1,122	371	412	576	1,069
2016	송파구	거여2동	2,193	6,751	980	2,432	619	870	594	3,449
2016	송파구	마천1동	2,792	3,130	1,537	1,181	615	579	640	1,370
2016	송파구	마천2동	2,728	3,272	1,598	1,459	501	584	629	1,229
2016	송파구	방이1동	2,387	2,730	1,108	1,157	662	580	617	993
2016	송파구	방이2동	4,432	5,105	1,555	1,691	1,407	1,367	1,470	2,047
2016	송파구	오륜동	2,262	2,656	692	903	954	872	616	881
2016	송파구	오금동	5,332	5,813	2,539	2,193	1,423	1,365	1,370	2,255
2016	송파구	송파1동	4,711	5,287	1,642	1,965	1,604	1,186	1,465	2,136
2016	송파구	송파2동	2,900	3,289	1,259	1,257	823	701	818	1,331
2016	송파구	석촌동	6,185	6,541	2,098	2,202	2,059	1,543	2,028	2,796
2016	송파구	삼전동	5,578	6,274	1,904	1,964	1,815	1,651	1,859	2,659
2016	송파구	가락본동	4,397	5,147	1,563	1,860	1,452	1,173	1,382	2,114
2016	송파구	가락1동	97	174	45	65	28	46	24	63
2016	송파구	가락2동	4,989	5,614	2,319	2,197	1,407	1,119	1,263	2,298
2016	송파구	문정1동	3,624	4,120	1,466	1,696	1,008	796	1,150	1,628
2016	송파구	문정2동	8,214	3,138	2,179	629	3,552	1,061	2,483	1,448
2016	송파구	장지동	5,664	6,106	2,104	2,140	1,875	1,250	1,685	2,716
2016	송파구	위례동	7,207	2,032	1,848	331	2,991	649	2,368	1,052
2016	송파구	잠실본동	5,200	6,049	1,309	1,686	2,045	1,811	1,846	2,552
2016	송파구	잠실4동	3,973	4,692	1,123	1,418	1,732	1,439	1,118	1,835
2016	송파구	잠실6동	2,249	2,511	792	834	756	781	701	896
2016	송파구	잠실7동	1,055	1,095	304	290	524	449	227	356
2016	송파구	잠실2동	4,949	5,431	1,437	1,568	2,228	1,945	1,284	1,918
2016	송파구	잠실3동	5,084	5,406	1,729	1,700	2,031	1,640	1,324	2,066
2016	강동구	소계	67,962	84,535	31,043	31,043	19,337	17,849	17,582	35,643
2016	강동구	강일동	4,160	3,878	1,808	715	1,213	789	1,139	2,374
2016	강동구	상일동	1,271	12,998	483	6,155	277	1,765	511	5,078
2016	강동구	명일1동	3,150	3,634	1,932	1,580	527	633	691	1,421
2016	강동구	명일2동	2,724	2,949	1,652	1,096	487	655	585	1,198
2016	강동구	고덕1동	2,468	2,819	1,097	869	759	581	612	1,369
2016	강동구	고덕2동	1,458	2,008	956	654	184	305	318	1,049
2016	강동구	암사2동	2,325	3,125	1,003	1,294	731	668	591	1,163
2016	강동구	암사3동	2,702	2,780	1,259	954	869	627	574	1,199
2016	강동구	천호1동	4,981	5,082	2,911	2,163	971	913	1,099	2,006
2016	강동구	천호3동	4,274	4,543	1,889	1,701	1,260	1,109	1,125	1,733
2016	강동구	성내1동	4,381	3,196	1,639	962	1,878	928	864	1,306
2016	강동구	성내2동	4,360	4,668	1,618	1,678	1,542	1,201	1,200	1,789
2016	강동구	성내3동	3,841	4,562	1,534	1,671	1,185	1,054	1,122	1,837
2016	강동구	둔촌1동	2,679	3,308	848	831	1,073	1,075	758	1,402
2016	강동구	둔촌2동	3,767	4,142	1,557	1,296	1,158	911	1,052	1,935
2016	강동구	암사1동	5,831	5,705	3,081	2,277	1,443	1,158	1,307	2,270
2016	강동구	천호2동	5,681	6,696	2,405	2,471	1,679	1,630	1,597	2,595
2016	강동구	길동	7,909	8,442	3,371	2,676	2,101	1,847	2,437	3,919