기간	컬럼1	컬럼2	성별	구분	구분	구분	구분	구분	구분	구분	구분
기간	컬럼1	컬럼2	성별	총전입(⑦=①+③+⑤)	총전출(⑧=②+④+⑥)	구내이동	구내이동	구간이동	구간이동	시ㆍ도간이동	시ㆍ도간이동
기간	컬럼1	컬럼2	성별	총전입(⑦=①+③+⑤)	총전출(⑧=②+④+⑥)	전입(①)	전출(②)	전입(③)	전출(④)	전입(⑤)	전출(⑥)
2007	합계	합계	계	2,078,045	2,130,928	656,506	656,506	792,098	792,098	629,441	682,324
2007	합계	합계	남자	1,026,263	1,057,707	321,278	321,278	393,613	393,613	311,372	342,816
2007	합계	합계	여자	1,051,782	1,073,221	335,228	335,228	398,485	398,485	318,069	339,508
2007	종로구	소계	계	34,813	36,258	6,981	6,981	17,020	19,104	10,812	10,173
2007	종로구	소계	남자	17,673	18,513	3,484	3,484	8,545	9,695	5,644	5,334
2007	종로구	소계	여자	17,140	17,745	3,497	3,497	8,475	9,409	5,168	4,839
2007	종로구	청운동	계	1,069	1,182	344	417	479	534	246	231
2007	종로구	청운동	남자	539	609	175	224	236	270	128	115
2007	종로구	청운동	여자	530	573	169	193	243	264	118	116
2007	종로구	효자동	계	2,363	2,358	547	525	1,049	1,190	767	643
2007	종로구	효자동	남자	1,131	1,131	272	244	480	547	379	340
2007	종로구	효자동	여자	1,232	1,227	275	281	569	643	388	303
2007	종로구	사직동	계	2,175	1,987	498	443	1,112	975	565	569
2007	종로구	사직동	남자	1,049	983	238	210	536	486	275	287
2007	종로구	사직동	여자	1,126	1,004	260	233	576	489	290	282
2007	종로구	삼청동	계	712	953	122	245	321	446	269	262
2007	종로구	삼청동	남자	347	479	65	115	142	230	140	134
2007	종로구	삼청동	여자	365	474	57	130	179	216	129	128
2007	종로구	부암동	계	2,592	2,525	615	582	1,316	1,311	661	632
2007	종로구	부암동	남자	1,268	1,303	307	319	649	665	312	319
2007	종로구	부암동	여자	1,324	1,222	308	263	667	646	349	313
2007	종로구	평창동	계	3,210	3,514	596	501	1,756	1,922	858	1,091
2007	종로구	평창동	남자	1,590	1,703	304	239	868	955	418	509
2007	종로구	평창동	여자	1,620	1,811	292	262	888	967	440	582
2007	종로구	무악동	계	1,079	1,141	189	165	586	673	304	303
2007	종로구	무악동	남자	495	546	74	68	277	321	144	157
2007	종로구	무악동	여자	584	595	115	97	309	352	160	146
2007	종로구	교남동	계	1,936	2,363	253	259	1,017	1,384	666	720
2007	종로구	교남동	남자	960	1,140	109	101	509	684	342	355
2007	종로구	교남동	여자	976	1,223	144	158	508	700	324	365
2007	종로구	가회동	계	1,054	1,282	227	256	496	703	331	323
2007	종로구	가회동	남자	505	630	101	125	240	342	164	163
2007	종로구	가회동	여자	549	652	126	131	256	361	167	160
2007	종로구	종로1.2.3.4가동	계	2,322	1,787	252	215	1,291	986	779	586
2007	종로구	종로1.2.3.4가동	남자	1,384	1,058	128	117	788	581	468	360
2007	종로구	종로1.2.3.4가동	여자	938	729	124	98	503	405	311	226
2007	종로구	종로5.6가동	계	1,186	1,395	277	318	549	687	360	390
2007	종로구	종로5.6가동	남자	647	779	144	182	287	370	216	227
2007	종로구	종로5.6가동	여자	539	616	133	136	262	317	144	163
2007	종로구	이화동	계	2,193	2,505	351	411	1,033	1,427	809	667
2007	종로구	이화동	남자	1,026	1,249	154	215	492	711	380	323
2007	종로구	이화동	여자	1,167	1,256	197	196	541	716	429	344
2007	종로구	혜화동	계	3,076	3,017	564	430	1,420	1,795	1,092	792
2007	종로구	혜화동	남자	1,547	1,503	296	216	691	871	560	416
2007	종로구	혜화동	여자	1,529	1,514	268	214	729	924	532	376
2007	종로구	명륜3가동	계	1,759	1,842	251	354	602	855	906	633
2007	종로구	명륜3가동	남자	1,028	1,083	139	182	329	512	560	389
2007	종로구	명륜3가동	여자	731	759	112	172	273	343	346	244
2007	종로구	창신1동	계	1,503	1,537	376	439	686	693	441	405
2007	종로구	창신1동	남자	784	819	193	215	350	379	241	225
2007	종로구	창신1동	여자	719	718	183	224	336	314	200	180
2007	종로구	창신2동	계	1,898	1,891	458	454	860	898	580	539
2007	종로구	창신2동	남자	983	968	236	223	437	452	310	293
2007	종로구	창신2동	여자	915	923	222	231	423	446	270	246
2007	종로구	창신3동	계	1,528	1,577	412	313	745	799	371	465
2007	종로구	창신3동	남자	754	772	208	155	371	384	175	233
2007	종로구	창신3동	여자	774	805	204	158	374	415	196	232
2007	종로구	숭인1동	계	1,250	1,434	341	387	614	697	295	350
2007	종로구	숭인1동	남자	615	737	174	198	304	360	137	179
2007	종로구	숭인1동	여자	635	697	167	189	310	337	158	171
2007	종로구	숭인2동	계	1,908	1,968	308	267	1,088	1,129	512	572
2007	종로구	숭인2동	남자	1,021	1,021	167	136	559	575	295	310
2007	종로구	숭인2동	여자	887	947	141	131	529	554	217	262
2007	중구	소계	계	25,871	27,222	4,910	4,910	13,374	14,476	7,587	7,836
2007	중구	소계	남자	13,062	13,754	2,450	2,450	6,662	7,269	3,950	4,035
2007	중구	소계	여자	12,809	13,468	2,460	2,460	6,712	7,207	3,637	3,801
2007	중구	소공동	계	707	490	40	33	526	348	141	109
2007	중구	소공동	남자	324	225	23	9	238	152	63	64
2007	중구	소공동	여자	383	265	17	24	288	196	78	45
2007	중구	회현동	계	947	1,092	65	85	595	656	287	351
2007	중구	회현동	남자	585	641	37	50	362	385	186	206
2007	중구	회현동	여자	362	451	28	35	233	271	101	145
2007	중구	명동	계	590	746	51	84	332	401	207	261
2007	중구	명동	남자	306	378	21	41	167	220	118	117
2007	중구	명동	여자	284	368	30	43	165	181	89	144
2007	중구	필동	계	1,112	1,142	161	205	545	565	406	372
2007	중구	필동	남자	622	628	84	110	305	304	233	214
2007	중구	필동	여자	490	514	77	95	240	261	173	158
2007	중구	장충동	계	1,391	1,492	284	323	476	665	631	504
2007	중구	장충동	남자	728	751	153	162	234	333	341	256
2007	중구	장충동	여자	663	741	131	161	242	332	290	248
2007	중구	광희동	계	1,161	1,200	237	260	553	583	371	357
2007	중구	광희동	남자	640	637	129	134	304	318	207	185
2007	중구	광희동	여자	521	563	108	126	249	265	164	172
2007	중구	을지로동	계	594	520	58	54	326	273	210	193
2007	중구	을지로동	남자	378	313	37	35	208	165	133	113
2007	중구	을지로동	여자	216	207	21	19	118	108	77	80
2007	중구	신당1동	계	1,663	1,785	432	443	721	854	510	488
2007	중구	신당1동	남자	864	919	223	219	369	442	272	258
2007	중구	신당1동	여자	799	866	209	224	352	412	238	230
2007	중구	신당2동	계	3,354	3,608	719	803	1,636	1,702	999	1,103
2007	중구	신당2동	남자	1,610	1,750	354	409	772	828	484	513
2007	중구	신당2동	여자	1,744	1,858	365	394	864	874	515	590
2007	중구	신당3동	계	3,405	3,546	571	478	1,843	1,963	991	1,105
2007	중구	신당3동	남자	1,654	1,765	286	240	870	982	498	543
2007	중구	신당3동	여자	1,751	1,781	285	238	973	981	493	562
2007	중구	신당4동	계	2,832	3,024	705	577	1,411	1,640	716	807
2007	중구	신당4동	남자	1,378	1,477	339	278	688	791	351	408
2007	중구	신당4동	여자	1,454	1,547	366	299	723	849	365	399
2007	중구	신당5동	계	1,940	2,119	546	550	954	1,074	440	495
2007	중구	신당5동	남자	987	1,029	267	262	493	515	227	252
2007	중구	신당5동	여자	953	1,090	279	288	461	559	213	243
2007	중구	신당6동	계	2,348	2,308	754	623	1,048	1,119	546	566
2007	중구	신당6동	남자	1,118	1,121	358	305	501	525	259	291
2007	중구	신당6동	여자	1,230	1,187	396	318	547	594	287	275
2007	중구	황학동	계	1,256	1,548	202	319	627	845	427	384
2007	중구	황학동	남자	647	793	98	154	336	426	213	213
2007	중구	황학동	여자	609	755	104	165	291	419	214	171
2007	중구	중림동	계	2,571	2,602	85	73	1,781	1,788	705	741
2007	중구	중림동	남자	1,221	1,327	41	42	815	883	365	402
2007	중구	중림동	여자	1,350	1,275	44	31	966	905	340	339
2007	용산구	소계	계	52,200	49,800	12,353	12,353	23,516	22,294	16,331	15,153
2007	용산구	소계	남자	25,929	24,801	6,052	6,052	11,746	11,213	8,131	7,536
2007	용산구	소계	여자	26,271	24,999	6,301	6,301	11,770	11,081	8,200	7,617
2007	용산구	후암동	계	4,419	3,776	1,060	839	2,028	1,767	1,331	1,170
2007	용산구	후암동	남자	2,233	1,934	535	431	1,012	919	686	584
2007	용산구	후암동	여자	2,186	1,842	525	408	1,016	848	645	586
2007	용산구	용산2가동	계	2,191	2,415	551	610	933	1,046	707	759
2007	용산구	용산2가동	남자	1,054	1,177	268	273	473	530	313	374
2007	용산구	용산2가동	여자	1,137	1,238	283	337	460	516	394	385
2007	용산구	남영동	계	2,293	2,150	477	527	1,016	1,003	800	620
2007	용산구	남영동	남자	1,407	1,268	269	291	631	614	507	363
2007	용산구	남영동	여자	886	882	208	236	385	389	293	257
2007	용산구	청파1동	계	3,362	3,532	530	554	1,765	1,977	1,067	1,001
2007	용산구	청파1동	남자	1,751	1,770	279	271	918	985	554	514
2007	용산구	청파1동	여자	1,611	1,762	251	283	847	992	513	487
2007	용산구	청파2동	계	2,209	2,241	523	553	674	902	1,012	786
2007	용산구	청파2동	남자	1,053	1,047	281	273	348	426	424	348
2007	용산구	청파2동	여자	1,156	1,194	242	280	326	476	588	438
2007	용산구	원효로1동	계	1,701	1,822	614	624	542	668	545	530
2007	용산구	원효로1동	남자	880	944	303	315	299	368	278	261
2007	용산구	원효로1동	여자	821	878	311	309	243	300	267	269
2007	용산구	원효로2동	계	3,286	3,374	907	797	1,452	1,552	927	1,025
2007	용산구	원효로2동	남자	1,552	1,633	434	379	662	756	456	498
2007	용산구	원효로2동	여자	1,734	1,741	473	418	790	796	471	527
2007	용산구	효창동	계	2,270	2,389	785	706	915	998	570	685
2007	용산구	효창동	남자	1,088	1,184	356	342	445	494	287	348
2007	용산구	효창동	여자	1,182	1,205	429	364	470	504	283	337
2007	용산구	용문동	계	2,301	2,753	782	879	892	1,196	627	678
2007	용산구	용문동	남자	1,114	1,370	391	439	426	603	297	328
2007	용산구	용문동	여자	1,187	1,383	391	440	466	593	330	350
2007	용산구	한강로1동	계	2,862	1,995	533	675	1,628	862	701	458
2007	용산구	한강로1동	남자	1,456	1,004	269	343	823	444	364	217
2007	용산구	한강로1동	여자	1,406	991	264	332	805	418	337	241
2007	용산구	한강로2동	계	1,537	1,229	382	330	689	562	466	337
2007	용산구	한강로2동	남자	812	649	201	174	367	300	244	175
2007	용산구	한강로2동	여자	725	580	181	156	322	262	222	162
2007	용산구	한강로3동	계	2,097	1,322	479	374	1,029	567	589	381
2007	용산구	한강로3동	남자	1,059	719	244	198	520	313	295	208
2007	용산구	한강로3동	여자	1,038	603	235	176	509	254	294	173
2007	용산구	이촌1동	계	4,236	4,294	818	971	2,302	2,178	1,116	1,145
2007	용산구	이촌1동	남자	1,981	2,019	378	436	1,115	1,049	488	534
2007	용산구	이촌1동	여자	2,255	2,275	440	535	1,187	1,129	628	611
2007	용산구	이촌2동	계	2,504	2,040	644	607	1,115	837	745	596
2007	용산구	이촌2동	남자	1,178	1,007	286	302	523	413	369	292
2007	용산구	이촌2동	여자	1,326	1,033	358	305	592	424	376	304
2007	용산구	이태원1동	계	1,978	1,847	486	597	872	709	620	541
2007	용산구	이태원1동	남자	978	898	217	285	440	354	321	259
2007	용산구	이태원1동	여자	1,000	949	269	312	432	355	299	282
2007	용산구	이태원2동	계	2,017	1,927	425	451	907	804	685	672
2007	용산구	이태원2동	남자	938	912	191	201	413	382	334	329
2007	용산구	이태원2동	여자	1,079	1,015	234	250	494	422	351	343
2007	용산구	한남1동	계	3,024	2,934	462	440	1,454	1,340	1,108	1,154
2007	용산구	한남1동	남자	1,491	1,506	224	212	703	679	564	615
2007	용산구	한남1동	여자	1,533	1,428	238	228	751	661	544	539
2007	용산구	한남2동	계	2,321	2,189	528	553	1,048	919	745	717
2007	용산구	한남2동	남자	1,123	1,050	266	270	488	432	369	348
2007	용산구	한남2동	여자	1,198	1,139	262	283	560	487	376	369
2007	용산구	서빙고동	계	2,033	1,854	543	465	811	777	679	612
2007	용산구	서빙고동	남자	1,022	924	266	215	410	398	346	311
2007	용산구	서빙고동	여자	1,011	930	277	250	401	379	333	301
2007	용산구	보광동	계	3,559	3,717	824	801	1,444	1,630	1,291	1,286
2007	용산구	보광동	남자	1,759	1,786	394	402	730	754	635	630
2007	용산구	보광동	여자	1,800	1,931	430	399	714	876	656	656
2007	성동구	소계	계	61,098	64,526	15,072	15,072	28,005	30,290	18,021	19,164
2007	성동구	소계	남자	30,940	32,511	7,426	7,426	14,123	15,266	9,391	9,819
2007	성동구	소계	여자	30,158	32,015	7,646	7,646	13,882	15,024	8,630	9,345
2007	성동구	왕십리1동	계	1,779	2,172	319	409	917	1,143	543	620
2007	성동구	왕십리1동	남자	907	1,102	162	207	471	590	274	305
2007	성동구	왕십리1동	여자	872	1,070	157	202	446	553	269	315
2007	성동구	왕십리2동	계	3,485	3,758	1,008	988	1,559	1,713	918	1,057
2007	성동구	왕십리2동	남자	1,728	1,901	491	471	779	908	458	522
2007	성동구	왕십리2동	여자	1,757	1,857	517	517	780	805	460	535
2007	성동구	도선동	계	1,808	1,799	615	613	743	729	450	457
2007	성동구	도선동	남자	881	848	300	292	350	325	231	231
2007	성동구	도선동	여자	927	951	315	321	393	404	219	226
2007	성동구	마장동	계	4,304	4,297	1,161	826	1,878	2,163	1,265	1,308
2007	성동구	마장동	남자	2,195	2,181	576	398	959	1,111	660	672
2007	성동구	마장동	여자	2,109	2,116	585	428	919	1,052	605	636
2007	성동구	사근동	계	2,466	2,626	399	588	681	1,030	1,386	1,008
2007	성동구	사근동	남자	1,432	1,504	211	326	378	548	843	630
2007	성동구	사근동	여자	1,034	1,122	188	262	303	482	543	378
2007	성동구	행당1동	계	3,618	3,676	1,248	1,006	1,321	1,494	1,049	1,176
2007	성동구	행당1동	남자	1,767	1,856	583	495	650	763	534	598
2007	성동구	행당1동	여자	1,851	1,820	665	511	671	731	515	578
2007	성동구	행당2동	계	3,959	5,091	1,044	1,407	1,806	2,443	1,109	1,241
2007	성동구	행당2동	남자	1,864	2,416	491	645	856	1,178	517	593
2007	성동구	행당2동	여자	2,095	2,675	553	762	950	1,265	592	648
2007	성동구	응봉동	계	3,109	3,429	880	953	1,487	1,551	742	925
2007	성동구	응봉동	남자	1,441	1,673	408	455	691	766	342	452
2007	성동구	응봉동	여자	1,668	1,756	472	498	796	785	400	473
2007	성동구	금호1가동	계	3,107	3,322	1,083	1,045	1,286	1,409	738	868
2007	성동구	금호1가동	남자	1,485	1,606	535	495	596	676	354	435
2007	성동구	금호1가동	여자	1,622	1,716	548	550	690	733	384	433
2007	성동구	금호2가동	계	1,917	2,061	617	640	755	802	545	619
2007	성동구	금호2가동	남자	948	1,004	303	323	371	379	274	302
2007	성동구	금호2가동	여자	969	1,057	314	317	384	423	271	317
2007	성동구	금호3가동	계	2,968	3,302	846	1,055	1,308	1,360	814	887
2007	성동구	금호3가동	남자	1,417	1,573	402	507	621	646	394	420
2007	성동구	금호3가동	여자	1,551	1,729	444	548	687	714	420	467
2007	성동구	금호4가동	계	4,620	2,686	1,282	721	2,321	1,189	1,017	776
2007	성동구	금호4가동	남자	2,284	1,279	617	341	1,178	564	489	374
2007	성동구	금호4가동	여자	2,336	1,407	665	380	1,143	625	528	402
2007	성동구	옥수1동	계	1,558	1,793	320	451	679	734	559	608
2007	성동구	옥수1동	남자	832	909	164	214	363	370	305	325
2007	성동구	옥수1동	여자	726	884	156	237	316	364	254	283
2007	성동구	옥수2동	계	2,964	3,282	319	516	1,738	1,770	907	996
2007	성동구	옥수2동	남자	1,386	1,568	142	261	803	853	441	454
2007	성동구	옥수2동	여자	1,578	1,714	177	255	935	917	466	542
2007	성동구	성수1가1동	계	3,638	4,051	1,102	1,052	1,444	1,803	1,092	1,196
2007	성동구	성수1가1동	남자	1,839	2,123	552	539	733	957	554	627
2007	성동구	성수1가1동	여자	1,799	1,928	550	513	711	846	538	569
2007	성동구	성수1가2동	계	4,063	4,405	927	972	1,820	2,071	1,316	1,362
2007	성동구	성수1가2동	남자	2,097	2,313	466	499	916	1,062	715	752
2007	성동구	성수1가2동	여자	1,966	2,092	461	473	904	1,009	601	610
2007	성동구	성수2가1동	계	3,706	3,891	787	742	1,789	1,768	1,130	1,381
2007	성동구	성수2가1동	남자	2,030	2,051	412	398	964	918	654	735
2007	성동구	성수2가1동	여자	1,676	1,840	375	344	825	850	476	646
2007	성동구	성수2가3동	계	2,597	3,036	548	620	1,249	1,577	800	839
2007	성동구	성수2가3동	남자	1,361	1,555	285	337	667	781	409	437
2007	성동구	성수2가3동	여자	1,236	1,481	263	283	582	796	391	402
2007	성동구	송정동	계	2,343	2,679	288	258	1,361	1,650	694	771
2007	성동구	송정동	남자	1,246	1,359	174	117	698	843	374	399
2007	성동구	송정동	여자	1,097	1,320	114	141	663	807	320	372
2007	성동구	용답동	계	3,089	3,170	279	210	1,863	1,891	947	1,069
2007	성동구	용답동	남자	1,800	1,690	152	106	1,079	1,028	569	556
2007	성동구	용답동	여자	1,289	1,480	127	104	784	863	378	513
2007	광진구	소계	계	80,713	81,438	23,506	23,506	32,052	32,016	25,155	25,916
2007	광진구	소계	남자	39,713	40,398	11,458	11,458	15,965	15,911	12,290	13,029
2007	광진구	소계	여자	41,000	41,040	12,048	12,048	16,087	16,105	12,865	12,887
2007	광진구	화양동	계	5,849	6,396	848	1,347	2,153	2,842	2,848	2,207
2007	광진구	화양동	남자	3,017	3,251	425	671	1,105	1,414	1,487	1,166
2007	광진구	화양동	여자	2,832	3,145	423	676	1,048	1,428	1,361	1,041
2007	광진구	군자동	계	4,501	4,792	934	1,113	1,942	2,069	1,625	1,610
2007	광진구	군자동	남자	2,288	2,451	453	538	978	1,055	857	858
2007	광진구	군자동	여자	2,213	2,341	481	575	964	1,014	768	752
2007	광진구	중곡1동	계	4,045	4,293	1,293	1,424	1,661	1,646	1,091	1,223
2007	광진구	중곡1동	남자	2,009	2,185	640	712	814	845	555	628
2007	광진구	중곡1동	여자	2,036	2,108	653	712	847	801	536	595
2007	광진구	중곡2동	계	5,054	5,397	1,935	1,789	1,815	2,062	1,304	1,546
2007	광진구	중곡2동	남자	2,448	2,669	919	903	913	997	616	769
2007	광진구	중곡2동	여자	2,606	2,728	1,016	886	902	1,065	688	777
2007	광진구	중곡3동	계	4,240	4,460	1,259	1,246	1,931	2,057	1,050	1,157
2007	광진구	중곡3동	남자	2,078	2,248	615	618	960	1,047	503	583
2007	광진구	중곡3동	여자	2,162	2,212	644	628	971	1,010	547	574
2007	광진구	중곡4동	계	6,384	7,010	2,378	2,047	2,479	2,791	1,527	2,172
2007	광진구	중곡4동	남자	3,136	3,384	1,204	944	1,213	1,345	719	1,095
2007	광진구	중곡4동	여자	3,248	3,626	1,174	1,103	1,266	1,446	808	1,077
2007	광진구	능동	계	2,822	2,884	779	915	1,107	1,065	936	904
2007	광진구	능동	남자	1,367	1,368	378	449	538	483	451	436
2007	광진구	능동	여자	1,455	1,516	401	466	569	582	485	468
2007	광진구	광장동	계	5,757	5,592	1,244	1,188	2,544	2,579	1,969	1,825
2007	광진구	광장동	남자	2,774	2,765	605	590	1,237	1,281	932	894
2007	광진구	광장동	여자	2,983	2,827	639	598	1,307	1,298	1,037	931
2007	광진구	자양1동	계	5,491	5,967	1,900	2,034	1,808	1,990	1,783	1,943
2007	광진구	자양1동	남자	2,723	2,905	953	971	916	997	854	937
2007	광진구	자양1동	여자	2,768	3,062	947	1,063	892	993	929	1,006
2007	광진구	자양2동	계	5,236	5,681	1,842	1,740	1,784	1,998	1,610	1,943
2007	광진구	자양2동	남자	2,600	2,856	928	859	915	1,052	757	945
2007	광진구	자양2동	여자	2,636	2,825	914	881	869	946	853	998
2007	광진구	자양3동	계	8,844	5,990	2,250	1,914	4,378	2,275	2,216	1,801
2007	광진구	자양3동	남자	4,360	3,022	1,103	945	2,168	1,144	1,089	933
2007	광진구	자양3동	여자	4,484	2,968	1,147	969	2,210	1,131	1,127	868
2007	광진구	노유1동	계	2,810	2,977	766	985	1,008	1,080	1,036	912
2007	광진구	노유1동	남자	1,374	1,490	374	468	504	552	496	470
2007	광진구	노유1동	여자	1,436	1,487	392	517	504	528	540	442
2007	광진구	노유2동	계	3,354	2,867	1,065	1,016	1,343	1,068	946	783
2007	광진구	노유2동	남자	1,661	1,456	502	501	669	554	490	401
2007	광진구	노유2동	여자	1,693	1,411	563	515	674	514	456	382
2007	광진구	구의1동	계	5,368	5,733	1,529	1,599	1,899	2,130	1,940	2,004
2007	광진구	구의1동	남자	2,577	2,761	704	764	946	1,018	927	979
2007	광진구	구의1동	여자	2,791	2,972	825	835	953	1,112	1,013	1,025
2007	광진구	구의2동	계	5,178	5,410	1,850	1,635	1,909	1,989	1,419	1,786
2007	광진구	구의2동	남자	2,505	2,666	869	807	949	975	687	884
2007	광진구	구의2동	여자	2,673	2,744	981	828	960	1,014	732	902
2007	광진구	구의3동	계	5,780	5,989	1,634	1,514	2,291	2,375	1,855	2,100
2007	광진구	구의3동	남자	2,796	2,921	786	718	1,140	1,152	870	1,051
2007	광진구	구의3동	여자	2,984	3,068	848	796	1,151	1,223	985	1,049
2007	동대문구	소계	계	77,895	82,022	26,227	26,227	29,953	32,095	21,715	23,700
2007	동대문구	소계	남자	39,691	41,759	13,133	13,133	15,289	16,351	11,269	12,275
2007	동대문구	소계	여자	38,204	40,263	13,094	13,094	14,664	15,744	10,446	11,425
2007	동대문구	신설동	계	2,219	1,969	454	323	1,154	1,059	611	587
2007	동대문구	신설동	남자	1,231	1,121	251	175	630	589	350	357
2007	동대문구	신설동	여자	988	848	203	148	524	470	261	230
2007	동대문구	용두1동	계	1,460	3,547	335	1,447	626	1,303	499	797
2007	동대문구	용두1동	남자	773	1,850	183	752	325	692	265	406
2007	동대문구	용두1동	여자	687	1,697	152	695	301	611	234	391
2007	동대문구	용두2동	계	2,362	2,511	685	541	983	1,229	694	741
2007	동대문구	용두2동	남자	1,237	1,319	348	289	520	637	369	393
2007	동대문구	용두2동	여자	1,125	1,192	337	252	463	592	325	348
2007	동대문구	제기1동	계	2,614	2,936	776	851	1,107	1,255	731	830
2007	동대문구	제기1동	남자	1,393	1,526	413	437	593	630	387	459
2007	동대문구	제기1동	여자	1,221	1,410	363	414	514	625	344	371
2007	동대문구	제기2동	계	3,254	3,596	782	737	1,314	1,741	1,158	1,118
2007	동대문구	제기2동	남자	1,712	1,909	377	386	697	894	638	629
2007	동대문구	제기2동	여자	1,542	1,687	405	351	617	847	520	489
2007	동대문구	전농1동	계	2,426	2,534	1,143	915	745	931	538	688
2007	동대문구	전농1동	남자	1,262	1,283	592	454	386	477	284	352
2007	동대문구	전농1동	여자	1,164	1,251	551	461	359	454	254	336
2007	동대문구	전농2동	계	1,832	1,758	744	618	512	573	576	567
2007	동대문구	전농2동	남자	1,035	947	381	305	298	326	356	316
2007	동대문구	전농2동	여자	797	811	363	313	214	247	220	251
2007	동대문구	전농3동	계	2,873	4,807	1,151	2,270	1,049	1,534	673	1,003
2007	동대문구	전농3동	남자	1,398	2,336	574	1,112	499	724	325	500
2007	동대문구	전농3동	여자	1,475	2,471	577	1,158	550	810	348	503
2007	동대문구	전농4동	계	2,394	2,449	1,134	960	705	762	555	727
2007	동대문구	전농4동	남자	1,269	1,256	587	493	374	391	308	372
2007	동대문구	전농4동	여자	1,125	1,193	547	467	331	371	247	355
2007	동대문구	답십리1동	계	2,010	1,948	846	764	682	653	482	531
2007	동대문구	답십리1동	남자	1,027	999	440	398	352	325	235	276
2007	동대문구	답십리1동	여자	983	949	406	366	330	328	247	255
2007	동대문구	답십리2동	계	2,770	2,933	1,194	1,116	1,052	1,068	524	749
2007	동대문구	답십리2동	남자	1,378	1,500	598	572	522	553	258	375
2007	동대문구	답십리2동	여자	1,392	1,433	596	544	530	515	266	374
2007	동대문구	답십리3동	계	837	2,106	320	921	316	729	201	456
2007	동대문구	답십리3동	남자	429	1,061	171	466	163	369	95	226
2007	동대문구	답십리3동	여자	408	1,045	149	455	153	360	106	230
2007	동대문구	답십리4동	계	2,676	2,924	1,147	1,239	944	981	585	704
2007	동대문구	답십리4동	남자	1,354	1,497	572	613	493	505	289	379
2007	동대문구	답십리4동	여자	1,322	1,427	575	626	451	476	296	325
2007	동대문구	답십리5동	계	2,111	2,132	640	599	904	1,000	567	533
2007	동대문구	답십리5동	남자	1,100	1,095	338	306	475	522	287	267
2007	동대문구	답십리5동	여자	1,011	1,037	302	293	429	478	280	266
2007	동대문구	장안1동	계	3,781	4,010	1,263	1,324	1,526	1,498	992	1,188
2007	동대문구	장안1동	남자	1,940	2,074	652	673	785	781	503	620
2007	동대문구	장안1동	여자	1,841	1,936	611	651	741	717	489	568
2007	동대문구	장안2동	계	5,752	3,595	2,019	1,076	2,568	1,537	1,165	982
2007	동대문구	장안2동	남자	2,919	1,826	1,008	543	1,321	766	590	517
2007	동대문구	장안2동	여자	2,833	1,769	1,011	533	1,247	771	575	465
2007	동대문구	장안3동	계	3,881	3,656	1,063	1,106	1,939	1,553	879	997
2007	동대문구	장안3동	남자	1,946	1,890	526	570	982	795	438	525
2007	동대문구	장안3동	여자	1,935	1,766	537	536	957	758	441	472
2007	동대문구	장안4동	계	2,957	3,181	1,289	1,247	965	1,077	703	857
2007	동대문구	장안4동	남자	1,457	1,623	623	635	462	549	372	439
2007	동대문구	장안4동	여자	1,500	1,558	666	612	503	528	331	418
2007	동대문구	청량리1동	계	2,494	2,834	944	887	847	1,082	703	865
2007	동대문구	청량리1동	남자	1,289	1,446	476	445	456	558	357	443
2007	동대문구	청량리1동	여자	1,205	1,388	468	442	391	524	346	422
2007	동대문구	청량리2동	계	1,942	1,989	811	616	684	763	447	610
2007	동대문구	청량리2동	남자	999	1,009	406	297	344	390	249	322
2007	동대문구	청량리2동	여자	943	980	405	319	340	373	198	288
2007	동대문구	회기동	계	3,005	3,270	843	988	884	1,197	1,278	1,085
2007	동대문구	회기동	남자	1,515	1,639	405	457	450	623	660	559
2007	동대문구	회기동	여자	1,490	1,631	438	531	434	574	618	526
2007	동대문구	휘경1동	계	4,251	4,190	1,464	1,164	1,350	1,590	1,437	1,436
2007	동대문구	휘경1동	남자	2,060	2,050	724	572	668	780	668	698
2007	동대문구	휘경1동	여자	2,191	2,140	740	592	682	810	769	738
2007	동대문구	휘경2동	계	5,901	4,997	1,913	1,409	2,313	1,922	1,675	1,666
2007	동대문구	휘경2동	남자	2,935	2,475	910	680	1,112	952	913	843
2007	동대문구	휘경2동	여자	2,966	2,522	1,003	729	1,201	970	762	823
2007	동대문구	이문1동	계	3,306	3,315	1,159	1,010	1,077	1,247	1,070	1,058
2007	동대문구	이문1동	남자	1,609	1,613	554	482	537	614	518	517
2007	동대문구	이문1동	여자	1,697	1,702	605	528	540	633	552	541
2007	동대문구	이문2동	계	4,630	4,860	1,313	1,382	1,524	1,828	1,793	1,650
2007	동대문구	이문2동	남자	2,366	2,471	621	691	776	929	969	851
2007	동대문구	이문2동	여자	2,264	2,389	692	691	748	899	824	799
2007	동대문구	이문3동	계	4,157	3,975	795	717	2,183	1,983	1,179	1,275
2007	동대문구	이문3동	남자	2,058	1,944	403	330	1,069	980	586	634
2007	동대문구	이문3동	여자	2,099	2,031	392	387	1,114	1,003	593	641
2007	중랑구	소계	계	86,931	88,596	33,827	33,827	30,616	27,444	22,488	27,325
2007	중랑구	소계	남자	43,098	43,628	16,620	16,620	15,406	13,515	11,072	13,493
2007	중랑구	소계	여자	43,833	44,968	17,207	17,207	15,210	13,929	11,416	13,832
2007	중랑구	면목1동	계	5,364	4,907	2,309	2,228	1,799	1,367	1,256	1,312
2007	중랑구	면목1동	남자	2,640	2,413	1,138	1,103	884	660	618	650
2007	중랑구	면목1동	여자	2,724	2,494	1,171	1,125	915	707	638	662
2007	중랑구	면목2동	계	5,255	5,866	1,832	2,303	1,996	1,755	1,427	1,808
2007	중랑구	면목2동	남자	2,704	2,920	940	1,128	1,038	875	726	917
2007	중랑구	면목2동	여자	2,551	2,946	892	1,175	958	880	701	891
2007	중랑구	면목3동	계	3,983	4,056	1,592	1,682	1,387	1,255	1,004	1,119
2007	중랑구	면목3동	남자	1,982	1,990	793	815	701	616	488	559
2007	중랑구	면목3동	여자	2,001	2,066	799	867	686	639	516	560
2007	중랑구	면목4동	계	5,180	4,955	1,150	1,310	2,511	2,125	1,519	1,520
2007	중랑구	면목4동	남자	2,441	2,348	540	633	1,275	989	626	726
2007	중랑구	면목4동	여자	2,739	2,607	610	677	1,236	1,136	893	794
2007	중랑구	면목5동	계	2,881	3,074	1,149	1,294	1,092	938	640	842
2007	중랑구	면목5동	남자	1,470	1,530	584	636	560	476	326	418
2007	중랑구	면목5동	여자	1,411	1,544	565	658	532	462	314	424
2007	중랑구	면목6동	계	3,298	3,498	1,531	1,569	1,002	921	765	1,008
2007	중랑구	면목6동	남자	1,605	1,679	719	772	518	448	368	459
2007	중랑구	면목6동	여자	1,693	1,819	812	797	484	473	397	549
2007	중랑구	면목7동	계	5,430	5,719	1,874	2,008	2,224	2,125	1,332	1,586
2007	중랑구	면목7동	남자	2,636	2,796	890	990	1,108	1,041	638	765
2007	중랑구	면목7동	여자	2,794	2,923	984	1,018	1,116	1,084	694	821
2007	중랑구	면목8동	계	2,781	2,866	1,242	1,304	917	803	622	759
2007	중랑구	면목8동	남자	1,393	1,445	592	640	502	423	299	382
2007	중랑구	면목8동	여자	1,388	1,421	650	664	415	380	323	377
2007	중랑구	상봉1동	계	4,478	4,496	2,013	1,736	1,342	1,305	1,123	1,455
2007	중랑구	상봉1동	남자	2,245	2,203	1,004	838	680	632	561	733
2007	중랑구	상봉1동	여자	2,233	2,293	1,009	898	662	673	562	722
2007	중랑구	상봉2동	계	4,418	4,405	1,719	1,807	1,385	1,235	1,314	1,363
2007	중랑구	상봉2동	남자	2,202	2,165	828	887	686	594	688	684
2007	중랑구	상봉2동	여자	2,216	2,240	891	920	699	641	626	679
2007	중랑구	중화1동	계	4,582	4,620	1,964	1,912	1,603	1,449	1,015	1,259
2007	중랑구	중화1동	남자	2,230	2,266	945	943	788	707	497	616
2007	중랑구	중화1동	여자	2,352	2,354	1,019	969	815	742	518	643
2007	중랑구	중화2동	계	3,921	3,780	1,438	1,398	1,348	1,157	1,135	1,225
2007	중랑구	중화2동	남자	2,030	1,924	732	722	709	591	589	611
2007	중랑구	중화2동	여자	1,891	1,856	706	676	639	566	546	614
2007	중랑구	중화3동	계	3,107	3,287	1,334	1,449	1,069	972	704	866
2007	중랑구	중화3동	남자	1,595	1,663	670	720	550	500	375	443
2007	중랑구	중화3동	여자	1,512	1,624	664	729	519	472	329	423
2007	중랑구	묵1동	계	6,526	6,868	1,807	1,804	3,035	2,705	1,684	2,359
2007	중랑구	묵1동	남자	3,170	3,331	879	882	1,465	1,301	826	1,148
2007	중랑구	묵1동	여자	3,356	3,537	928	922	1,570	1,404	858	1,211
2007	중랑구	묵2동	계	4,027	4,456	1,328	1,462	1,658	1,633	1,041	1,361
2007	중랑구	묵2동	남자	2,068	2,224	661	706	853	820	554	698
2007	중랑구	묵2동	여자	1,959	2,232	667	756	805	813	487	663
2007	중랑구	망우1동	계	5,138	4,904	2,011	1,686	1,359	1,102	1,768	2,116
2007	중랑구	망우1동	남자	2,527	2,456	1,005	861	676	559	846	1,036
2007	중랑구	망우1동	여자	2,611	2,448	1,006	825	683	543	922	1,080
2007	중랑구	망우2동	계	2,418	2,440	1,202	1,184	582	455	634	801
2007	중랑구	망우2동	남자	1,228	1,209	606	575	301	231	321	403
2007	중랑구	망우2동	여자	1,190	1,231	596	609	281	224	313	398
2007	중랑구	망우3동	계	4,353	4,443	2,262	2,090	1,097	989	994	1,364
2007	중랑구	망우3동	남자	2,192	2,210	1,131	1,029	561	486	500	695
2007	중랑구	망우3동	여자	2,161	2,233	1,131	1,061	536	503	494	669
2007	중랑구	신내1동	계	5,530	5,122	2,582	1,955	1,635	1,450	1,313	1,717
2007	중랑구	신내1동	남자	2,649	2,503	1,234	942	769	728	646	833
2007	중랑구	신내1동	여자	2,881	2,619	1,348	1,013	866	722	667	884
2007	중랑구	신내2동	계	4,261	4,834	1,488	1,646	1,575	1,703	1,198	1,485
2007	중랑구	신내2동	남자	2,091	2,353	729	798	782	838	580	717
2007	중랑구	신내2동	여자	2,170	2,481	759	848	793	865	618	768
2007	성북구	소계	계	96,820	102,420	33,264	33,264	39,826	43,152	23,730	26,004
2007	성북구	소계	남자	47,738	50,526	16,108	16,108	19,925	21,309	11,705	13,109
2007	성북구	소계	여자	49,082	51,894	17,156	17,156	19,901	21,843	12,025	12,895
2007	성북구	돈암1동	계	3,201	3,311	1,287	1,078	1,185	1,341	729	892
2007	성북구	돈암1동	남자	1,517	1,587	600	508	567	639	350	440
2007	성북구	돈암1동	여자	1,684	1,724	687	570	618	702	379	452
2007	성북구	돈암2동	계	4,083	3,762	1,633	1,633	1,627	1,290	823	839
2007	성북구	돈암2동	남자	1,933	1,747	751	756	803	584	379	407
2007	성북구	돈암2동	여자	2,150	2,015	882	877	824	706	444	432
2007	성북구	안암동	계	4,262	4,517	886	1,156	1,635	1,918	1,741	1,443
2007	성북구	안암동	남자	2,233	2,374	424	598	849	974	960	802
2007	성북구	안암동	여자	2,029	2,143	462	558	786	944	781	641
2007	성북구	보문동	계	3,157	3,505	742	940	1,584	1,641	831	924
2007	성북구	보문동	남자	1,609	1,747	361	464	834	792	414	491
2007	성북구	보문동	여자	1,548	1,758	381	476	750	849	417	433
2007	성북구	정릉1동	계	4,050	5,323	1,904	2,405	1,372	1,908	774	1,010
2007	성북구	정릉1동	남자	1,974	2,586	924	1,117	678	971	372	498
2007	성북구	정릉1동	여자	2,076	2,737	980	1,288	694	937	402	512
2007	성북구	정릉2동	계	4,911	4,958	2,402	1,852	1,521	1,729	988	1,377
2007	성북구	정릉2동	남자	2,391	2,367	1,152	885	759	824	480	658
2007	성북구	정릉2동	여자	2,520	2,591	1,250	967	762	905	508	719
2007	성북구	정릉3동	계	3,728	3,705	1,081	1,013	1,285	1,445	1,362	1,247
2007	성북구	정릉3동	남자	1,977	1,994	521	516	690	756	766	722
2007	성북구	정릉3동	여자	1,751	1,711	560	497	595	689	596	525
2007	성북구	정릉4동	계	5,027	4,755	1,679	1,308	2,102	1,935	1,246	1,512
2007	성북구	정릉4동	남자	2,494	2,329	833	616	1,058	967	603	746
2007	성북구	정릉4동	여자	2,533	2,426	846	692	1,044	968	643	766
2007	성북구	길음1동	계	6,437	10,225	1,760	3,436	3,201	4,913	1,476	1,876
2007	성북구	길음1동	남자	3,104	5,104	851	1,721	1,577	2,446	676	937
2007	성북구	길음1동	여자	3,333	5,121	909	1,715	1,624	2,467	800	939
2007	성북구	길음2동	계	3,574	3,739	1,057	783	1,680	1,962	837	994
2007	성북구	길음2동	남자	1,754	1,806	511	363	823	952	420	491
2007	성북구	길음2동	여자	1,820	1,933	546	420	857	1,010	417	503
2007	성북구	월곡1동	계	5,805	5,490	1,967	1,814	2,601	2,259	1,237	1,417
2007	성북구	월곡1동	남자	2,835	2,732	972	909	1,280	1,112	583	711
2007	성북구	월곡1동	여자	2,970	2,758	995	905	1,321	1,147	654	706
2007	성북구	월곡2동	계	5,667	3,782	2,248	1,275	2,239	1,466	1,180	1,041
2007	성북구	월곡2동	남자	2,782	1,827	1,123	616	1,128	707	531	504
2007	성북구	월곡2동	여자	2,885	1,955	1,125	659	1,111	759	649	537
2007	성북구	장위1동	계	5,113	5,330	1,747	1,395	2,207	2,448	1,159	1,487
2007	성북구	장위1동	남자	2,506	2,581	851	684	1,097	1,175	558	722
2007	성북구	장위1동	여자	2,607	2,749	896	711	1,110	1,273	601	765
2007	성북구	장위2동	계	4,202	4,233	1,593	1,434	1,608	1,690	1,001	1,109
2007	성북구	장위2동	남자	2,084	2,091	777	700	819	822	488	569
2007	성북구	장위2동	여자	2,118	2,142	816	734	789	868	513	540
2007	성북구	장위3동	계	3,476	3,330	1,002	787	1,665	1,660	809	883
2007	성북구	장위3동	남자	1,791	1,707	519	381	853	873	419	453
2007	성북구	장위3동	여자	1,685	1,623	483	406	812	787	390	430
2007	성북구	성북동	계	5,832	6,096	2,222	2,354	2,327	2,413	1,283	1,329
2007	성북구	성북동	남자	2,726	2,902	991	1,077	1,126	1,182	609	643
2007	성북구	성북동	여자	3,106	3,194	1,231	1,277	1,201	1,231	674	686
2007	성북구	삼선동	계	6,757	5,544	2,462	1,924	2,799	2,204	1,496	1,416
2007	성북구	삼선동	남자	3,353	2,779	1,194	947	1,406	1,109	753	723
2007	성북구	삼선동	여자	3,404	2,765	1,268	977	1,393	1,095	743	693
2007	성북구	동선동	계	4,160	4,509	1,616	1,858	1,271	1,582	1,273	1,069
2007	성북구	동선동	남자	1,929	2,055	766	825	617	729	546	501
2007	성북구	동선동	여자	2,231	2,454	850	1,033	654	853	727	568
2007	성북구	종암동	계	6,827	8,956	2,246	3,191	2,834	3,646	1,747	2,119
2007	성북구	종암동	남자	3,460	4,519	1,143	1,615	1,406	1,845	911	1,059
2007	성북구	종암동	여자	3,367	4,437	1,103	1,576	1,428	1,801	836	1,060
2007	성북구	석관동	계	6,551	7,350	1,730	1,628	3,083	3,702	1,738	2,020
2007	성북구	석관동	남자	3,286	3,692	844	810	1,555	1,850	887	1,032
2007	성북구	석관동	여자	3,265	3,658	886	818	1,528	1,852	851	988
2007	강북구	소계	계	69,503	74,648	25,215	25,215	29,198	30,264	15,090	19,169
2007	강북구	소계	남자	34,129	36,713	12,525	12,525	14,253	14,762	7,351	9,426
2007	강북구	소계	여자	35,374	37,935	12,690	12,690	14,945	15,502	7,739	9,743
2007	강북구	미아1동	계	3,256	3,512	1,256	1,350	1,306	1,294	694	868
2007	강북구	미아1동	남자	1,604	1,739	633	667	641	642	330	430
2007	강북구	미아1동	여자	1,652	1,773	623	683	665	652	364	438
2007	강북구	미아2동	계	4,819	3,546	2,235	1,402	1,801	1,274	783	870
2007	강북구	미아2동	남자	2,388	1,783	1,115	720	880	646	393	417
2007	강북구	미아2동	여자	2,431	1,763	1,120	682	921	628	390	453
2007	강북구	미아3동	계	5,584	5,692	2,290	2,093	2,209	2,163	1,085	1,436
2007	강북구	미아3동	남자	2,813	2,882	1,155	1,085	1,112	1,086	546	711
2007	강북구	미아3동	여자	2,771	2,810	1,135	1,008	1,097	1,077	539	725
2007	강북구	미아4동	계	3,546	3,891	846	954	1,840	1,919	860	1,018
2007	강북구	미아4동	남자	1,685	1,888	417	476	849	927	419	485
2007	강북구	미아4동	여자	1,861	2,003	429	478	991	992	441	533
2007	강북구	미아5동	계	3,457	3,306	1,291	1,070	1,406	1,398	760	838
2007	강북구	미아5동	남자	1,644	1,601	628	538	670	648	346	415
2007	강북구	미아5동	여자	1,813	1,705	663	532	736	750	414	423
2007	강북구	미아6.7동	계	4,139	8,033	894	3,455	2,142	3,017	1,103	1,561
2007	강북구	미아6.7동	남자	2,026	4,005	433	1,734	1,056	1,512	537	759
2007	강북구	미아6.7동	여자	2,113	4,028	461	1,721	1,086	1,505	566	802
2007	강북구	미아8동	계	3,569	3,788	1,761	1,718	1,131	1,222	677	848
2007	강북구	미아8동	남자	1,766	1,901	882	848	552	614	332	439
2007	강북구	미아8동	여자	1,803	1,887	879	870	579	608	345	409
2007	강북구	미아9동	계	3,557	3,775	1,432	1,298	1,420	1,487	705	990
2007	강북구	미아9동	남자	1,699	1,853	691	642	663	700	345	511
2007	강북구	미아9동	여자	1,858	1,922	741	656	757	787	360	479
2007	강북구	번1동	계	4,471	4,824	1,229	1,175	2,111	2,222	1,131	1,427
2007	강북구	번1동	남자	2,182	2,367	618	590	1,029	1,072	535	705
2007	강북구	번1동	여자	2,289	2,457	611	585	1,082	1,150	596	722
2007	강북구	번2동	계	3,775	3,940	1,293	1,238	1,592	1,589	890	1,113
2007	강북구	번2동	남자	1,855	1,987	641	618	772	802	442	567
2007	강북구	번2동	여자	1,920	1,953	652	620	820	787	448	546
2007	강북구	번3동	계	3,008	3,334	725	692	1,569	1,673	714	969
2007	강북구	번3동	남자	1,454	1,548	358	330	749	778	347	440
2007	강북구	번3동	여자	1,554	1,786	367	362	820	895	367	529
2007	강북구	수유1동	계	4,967	4,891	2,093	1,861	1,847	1,771	1,027	1,259
2007	강북구	수유1동	남자	2,523	2,424	1,072	900	942	888	509	636
2007	강북구	수유1동	여자	2,444	2,467	1,021	961	905	883	518	623
2007	강북구	수유2동	계	4,296	4,554	1,571	1,353	1,793	2,021	932	1,180
2007	강북구	수유2동	남자	2,108	2,208	777	660	863	968	468	580
2007	강북구	수유2동	여자	2,188	2,346	794	693	930	1,053	464	600
2007	강북구	수유3동	계	5,653	5,614	1,950	1,745	2,418	2,432	1,285	1,437
2007	강북구	수유3동	남자	2,730	2,739	942	848	1,191	1,183	597	708
2007	강북구	수유3동	여자	2,923	2,875	1,008	897	1,227	1,249	688	729
2007	강북구	수유4동	계	4,608	4,764	1,509	1,157	2,113	2,213	986	1,394
2007	강북구	수유4동	남자	2,268	2,296	756	578	1,028	1,038	484	680
2007	강북구	수유4동	여자	2,340	2,468	753	579	1,085	1,175	502	714
2007	강북구	수유5동	계	3,814	3,906	1,634	1,431	1,351	1,372	829	1,103
2007	강북구	수유5동	남자	1,901	1,900	808	698	678	669	415	533
2007	강북구	수유5동	여자	1,913	2,006	826	733	673	703	414	570
2007	강북구	수유6동	계	2,984	3,278	1,206	1,223	1,149	1,197	629	858
2007	강북구	수유6동	남자	1,483	1,592	599	593	578	589	306	410
2007	강북구	수유6동	여자	1,501	1,686	607	630	571	608	323	448
2007	도봉구	소계	계	72,973	76,208	23,844	23,844	30,824	28,843	18,305	23,521
2007	도봉구	소계	남자	35,580	37,445	11,605	11,605	15,172	14,153	8,803	11,687
2007	도봉구	소계	여자	37,393	38,763	12,239	12,239	15,652	14,690	9,502	11,834
2007	도봉구	쌍문1동	계	4,996	4,568	1,076	1,017	2,748	2,218	1,172	1,333
2007	도봉구	쌍문1동	남자	2,399	2,207	516	491	1,333	1,054	550	662
2007	도봉구	쌍문1동	여자	2,597	2,361	560	526	1,415	1,164	622	671
2007	도봉구	쌍문2동	계	4,647	4,907	1,946	1,964	1,718	1,521	983	1,422
2007	도봉구	쌍문2동	남자	2,246	2,357	916	913	837	726	493	718
2007	도봉구	쌍문2동	여자	2,401	2,550	1,030	1,051	881	795	490	704
2007	도봉구	쌍문3동	계	4,532	4,381	1,347	1,524	2,190	1,642	995	1,215
2007	도봉구	쌍문3동	남자	2,201	2,128	656	743	1,066	781	479	604
2007	도봉구	쌍문3동	여자	2,331	2,253	691	781	1,124	861	516	611
2007	도봉구	쌍문4동	계	4,180	4,242	1,837	1,730	1,414	1,445	929	1,067
2007	도봉구	쌍문4동	남자	1,936	2,034	873	816	661	696	402	522
2007	도봉구	쌍문4동	여자	2,244	2,208	964	914	753	749	527	545
2007	도봉구	방학1동	계	6,484	6,984	2,473	2,546	2,377	2,411	1,634	2,027
2007	도봉구	방학1동	남자	3,164	3,475	1,227	1,259	1,142	1,191	795	1,025
2007	도봉구	방학1동	여자	3,320	3,509	1,246	1,287	1,235	1,220	839	1,002
2007	도봉구	방학2동	계	5,292	5,266	2,162	2,061	1,796	1,504	1,334	1,701
2007	도봉구	방학2동	남자	2,682	2,577	1,093	1,017	907	738	682	822
2007	도봉구	방학2동	여자	2,610	2,689	1,069	1,044	889	766	652	879
2007	도봉구	방학3동	계	3,591	3,955	1,506	1,677	1,357	1,196	728	1,082
2007	도봉구	방학3동	남자	1,754	1,942	739	797	674	601	341	544
2007	도봉구	방학3동	여자	1,837	2,013	767	880	683	595	387	538
2007	도봉구	방학4동	계	2,235	2,385	1,003	905	816	988	416	492
2007	도봉구	방학4동	남자	1,056	1,168	466	423	397	507	193	238
2007	도봉구	방학4동	여자	1,179	1,217	537	482	419	481	223	254
2007	도봉구	창1동	계	5,423	6,022	1,613	1,927	2,380	2,383	1,430	1,712
2007	도봉구	창1동	남자	2,588	2,875	783	916	1,146	1,132	659	827
2007	도봉구	창1동	여자	2,835	3,147	830	1,011	1,234	1,251	771	885
2007	도봉구	창2동	계	6,348	6,612	1,864	1,875	2,956	2,763	1,528	1,974
2007	도봉구	창2동	남자	3,109	3,311	898	962	1,466	1,360	745	989
2007	도봉구	창2동	여자	3,239	3,301	966	913	1,490	1,403	783	985
2007	도봉구	창3동	계	3,440	3,629	955	922	1,759	1,679	726	1,028
2007	도봉구	창3동	남자	1,737	1,820	478	447	917	852	342	521
2007	도봉구	창3동	여자	1,703	1,809	477	475	842	827	384	507
2007	도봉구	창4동	계	4,915	5,440	1,040	1,054	2,348	2,599	1,527	1,787
2007	도봉구	창4동	남자	2,350	2,697	478	515	1,138	1,308	734	874
2007	도봉구	창4동	여자	2,565	2,743	562	539	1,210	1,291	793	913
2007	도봉구	창5동	계	5,743	5,505	2,001	1,455	2,359	2,210	1,383	1,840
2007	도봉구	창5동	남자	2,769	2,714	977	715	1,151	1,107	641	892
2007	도봉구	창5동	여자	2,974	2,791	1,024	740	1,208	1,103	742	948
2007	도봉구	도봉1동	계	5,215	5,789	1,579	1,652	2,033	1,753	1,603	2,384
2007	도봉구	도봉1동	남자	2,648	2,918	793	829	1,047	876	808	1,213
2007	도봉구	도봉1동	여자	2,567	2,871	786	823	986	877	795	1,171
2007	도봉구	도봉2동	계	5,932	6,523	1,442	1,535	2,573	2,531	1,917	2,457
2007	도봉구	도봉2동	남자	2,941	3,222	712	762	1,290	1,224	939	1,236
2007	도봉구	도봉2동	여자	2,991	3,301	730	773	1,283	1,307	978	1,221
2007	노원구	소계	계	112,976	117,901	38,296	38,296	42,904	41,814	31,776	37,791
2007	노원구	소계	남자	54,360	57,415	18,409	18,409	20,868	20,499	15,083	18,507
2007	노원구	소계	여자	58,616	60,486	19,887	19,887	22,036	21,315	16,693	19,284
2007	노원구	월계1동	계	3,395	3,566	819	904	1,604	1,580	972	1,082
2007	노원구	월계1동	남자	1,695	1,779	401	449	803	779	491	551
2007	노원구	월계1동	여자	1,700	1,787	418	455	801	801	481	531
2007	노원구	월계2동	계	5,645	4,074	1,262	735	3,154	2,134	1,229	1,205
2007	노원구	월계2동	남자	2,758	2,037	629	358	1,552	1,068	577	611
2007	노원구	월계2동	여자	2,887	2,037	633	377	1,602	1,066	652	594
2007	노원구	월계3동	계	4,397	4,748	1,053	1,213	2,143	2,013	1,201	1,522
2007	노원구	월계3동	남자	2,118	2,379	514	621	1,033	1,012	571	746
2007	노원구	월계3동	여자	2,279	2,369	539	592	1,110	1,001	630	776
2007	노원구	월계4동	계	3,718	3,961	812	988	1,797	1,801	1,109	1,172
2007	노원구	월계4동	남자	1,891	2,003	407	487	916	914	568	602
2007	노원구	월계4동	여자	1,827	1,958	405	501	881	887	541	570
2007	노원구	공릉1동	계	4,478	4,937	1,450	1,559	1,842	1,868	1,186	1,510
2007	노원구	공릉1동	남자	2,193	2,469	693	760	908	946	592	763
2007	노원구	공릉1동	여자	2,285	2,468	757	799	934	922	594	747
2007	노원구	공릉2동	계	8,148	9,197	1,945	2,035	3,144	3,341	3,059	3,821
2007	노원구	공릉2동	남자	3,913	4,563	982	1,006	1,516	1,662	1,415	1,895
2007	노원구	공릉2동	여자	4,235	4,634	963	1,029	1,628	1,679	1,644	1,926
2007	노원구	공릉3동	계	4,049	4,406	1,380	1,403	1,630	1,655	1,039	1,348
2007	노원구	공릉3동	남자	2,001	2,154	672	664	816	837	513	653
2007	노원구	공릉3동	여자	2,048	2,252	708	739	814	818	526	695
2007	노원구	하계1동	계	5,116	5,436	1,806	1,941	1,987	2,065	1,323	1,430
2007	노원구	하계1동	남자	2,512	2,645	890	934	975	1,007	647	704
2007	노원구	하계1동	여자	2,604	2,791	916	1,007	1,012	1,058	676	726
2007	노원구	하계2동	계	4,003	4,243	1,380	1,371	1,545	1,548	1,078	1,324
2007	노원구	하계2동	남자	1,876	2,041	676	662	722	726	478	653
2007	노원구	하계2동	여자	2,127	2,202	704	709	823	822	600	671
2007	노원구	중계본동	계	5,256	5,267	2,077	1,812	1,765	1,805	1,414	1,650
2007	노원구	중계본동	남자	2,552	2,521	998	854	872	878	682	789
2007	노원구	중계본동	여자	2,704	2,746	1,079	958	893	927	732	861
2007	노원구	중계1동	계	5,757	5,739	2,332	2,353	1,905	1,962	1,520	1,424
2007	노원구	중계1동	남자	2,725	2,781	1,117	1,135	895	973	713	673
2007	노원구	중계1동	여자	3,032	2,958	1,215	1,218	1,010	989	807	751
2007	노원구	중계2동	계	3,693	3,769	1,269	1,297	1,400	1,303	1,024	1,169
2007	노원구	중계2동	남자	1,753	1,788	596	613	669	619	488	556
2007	노원구	중계2동	여자	1,940	1,981	673	684	731	684	536	613
2007	노원구	중계3동	계	3,310	3,683	973	1,155	1,461	1,388	876	1,140
2007	노원구	중계3동	남자	1,537	1,727	448	522	690	675	399	530
2007	노원구	중계3동	여자	1,773	1,956	525	633	771	713	477	610
2007	노원구	중계4동	계	4,410	4,663	1,839	1,919	1,388	1,349	1,183	1,395
2007	노원구	중계4동	남자	2,131	2,294	886	927	676	670	569	697
2007	노원구	중계4동	여자	2,279	2,369	953	992	712	679	614	698
2007	노원구	상계1동	계	6,680	7,205	2,056	1,757	2,501	2,683	2,123	2,765
2007	노원구	상계1동	남자	3,241	3,514	979	856	1,231	1,318	1,031	1,340
2007	노원구	상계1동	여자	3,439	3,691	1,077	901	1,270	1,365	1,092	1,425
2007	노원구	상계2동	계	5,005	5,301	2,499	2,192	1,255	1,699	1,251	1,410
2007	노원구	상계2동	남자	2,392	2,556	1,173	1,015	604	819	615	722
2007	노원구	상계2동	여자	2,613	2,745	1,326	1,177	651	880	636	688
2007	노원구	상계3동	계	4,711	4,951	2,161	1,910	1,325	1,423	1,225	1,618
2007	노원구	상계3동	남자	2,362	2,428	1,090	910	649	707	623	811
2007	노원구	상계3동	여자	2,349	2,523	1,071	1,000	676	716	602	807
2007	노원구	상계4동	계	2,772	2,571	1,113	847	905	770	754	954
2007	노원구	상계4동	남자	1,391	1,271	565	418	449	380	377	473
2007	노원구	상계4동	여자	1,381	1,300	548	429	456	390	377	481
2007	노원구	상계5동	계	5,051	5,260	2,363	2,221	1,384	1,409	1,304	1,630
2007	노원구	상계5동	남자	2,419	2,536	1,123	1,036	698	703	598	797
2007	노원구	상계5동	여자	2,632	2,724	1,240	1,185	686	706	706	833
2007	노원구	상계6동	계	3,932	4,247	1,158	1,335	1,542	1,513	1,232	1,399
2007	노원구	상계6동	남자	1,835	2,044	522	648	750	724	563	672
2007	노원구	상계6동	여자	2,097	2,203	636	687	792	789	669	727
2007	노원구	상계7동	계	3,757	4,001	1,362	1,515	1,309	1,353	1,086	1,133
2007	노원구	상계7동	남자	1,698	1,818	592	678	616	617	490	523
2007	노원구	상계7동	여자	2,059	2,183	770	837	693	736	596	610
2007	노원구	상계8동	계	6,295	6,517	1,501	2,178	2,792	1,974	2,002	2,365
2007	노원구	상계8동	남자	2,922	3,140	698	1,079	1,339	960	885	1,101
2007	노원구	상계8동	여자	3,373	3,377	803	1,099	1,453	1,014	1,117	1,264
2007	노원구	상계9동	계	4,951	5,361	2,024	2,039	1,583	1,579	1,344	1,743
2007	노원구	상계9동	남자	2,380	2,636	990	997	754	761	636	878
2007	노원구	상계9동	여자	2,571	2,725	1,034	1,042	829	818	708	865
2007	노원구	상계10동	계	4,447	4,798	1,662	1,617	1,543	1,599	1,242	1,582
2007	노원구	상계10동	남자	2,065	2,291	768	780	735	744	562	767
2007	노원구	상계10동	여자	2,382	2,507	894	837	808	855	680	815
2007	은평구	소계	계	91,445	99,418	39,284	39,284	25,953	27,383	26,208	32,751
2007	은평구	소계	남자	44,641	48,739	19,242	19,242	12,790	13,427	12,609	16,070
2007	은평구	소계	여자	46,804	50,679	20,042	20,042	13,163	13,956	13,599	16,681
2007	은평구	녹번동	계	7,394	7,513	2,684	2,574	2,355	2,439	2,355	2,500
2007	은평구	녹번동	남자	3,554	3,646	1,313	1,260	1,144	1,198	1,097	1,188
2007	은평구	녹번동	여자	3,840	3,867	1,371	1,314	1,211	1,241	1,258	1,312
2007	은평구	불광1동	계	4,010	6,612	1,509	2,742	1,200	1,816	1,301	2,054
2007	은평구	불광1동	남자	1,909	3,215	707	1,341	578	880	624	994
2007	은평구	불광1동	여자	2,101	3,397	802	1,401	622	936	677	1,060
2007	은평구	불광2동	계	4,068	4,609	1,972	2,139	873	1,024	1,223	1,446
2007	은평구	불광2동	남자	1,948	2,278	941	1,070	428	490	579	718
2007	은평구	불광2동	여자	2,120	2,331	1,031	1,069	445	534	644	728
2007	은평구	불광3동	계	4,613	4,697	1,967	1,759	1,049	1,114	1,597	1,824
2007	은평구	불광3동	남자	2,273	2,338	987	880	538	552	748	906
2007	은평구	불광3동	여자	2,340	2,359	980	879	511	562	849	918
2007	은평구	갈현1동	계	5,128	5,377	2,129	1,881	1,171	1,313	1,828	2,183
2007	은평구	갈현1동	남자	2,503	2,580	1,057	916	562	600	884	1,064
2007	은평구	갈현1동	여자	2,625	2,797	1,072	965	609	713	944	1,119
2007	은평구	갈현2동	계	5,930	6,023	2,916	2,468	1,321	1,399	1,693	2,156
2007	은평구	갈현2동	남자	2,883	2,925	1,403	1,226	658	682	822	1,017
2007	은평구	갈현2동	여자	3,047	3,098	1,513	1,242	663	717	871	1,139
2007	은평구	구산동	계	6,651	6,684	3,244	2,718	1,552	1,676	1,855	2,290
2007	은평구	구산동	남자	3,405	3,395	1,570	1,322	880	881	955	1,192
2007	은평구	구산동	여자	3,246	3,289	1,674	1,396	672	795	900	1,098
2007	은평구	대조동	계	6,320	6,641	2,865	2,720	1,522	1,628	1,933	2,293
2007	은평구	대조동	남자	3,077	3,250	1,417	1,318	731	816	929	1,116
2007	은평구	대조동	여자	3,243	3,391	1,448	1,402	791	812	1,004	1,177
2007	은평구	응암1동	계	7,134	6,897	3,002	2,600	2,178	2,083	1,954	2,214
2007	은평구	응암1동	남자	3,476	3,341	1,480	1,242	1,047	1,029	949	1,070
2007	은평구	응암1동	여자	3,658	3,556	1,522	1,358	1,131	1,054	1,005	1,144
2007	은평구	응암2동	계	3,079	3,905	1,259	1,478	1,035	1,316	785	1,111
2007	은평구	응암2동	남자	1,497	1,918	606	739	503	638	388	541
2007	은평구	응암2동	여자	1,582	1,987	653	739	532	678	397	570
2007	은평구	응암3동	계	4,092	4,214	1,941	1,745	1,186	1,272	965	1,197
2007	은평구	응암3동	남자	2,047	2,053	967	831	592	626	488	596
2007	은평구	응암3동	여자	2,045	2,161	974	914	594	646	477	601
2007	은평구	응암4동	계	3,387	3,728	1,144	1,276	1,377	1,371	866	1,081
2007	은평구	응암4동	남자	1,638	1,787	548	616	671	647	419	524
2007	은평구	응암4동	여자	1,749	1,941	596	660	706	724	447	557
2007	은평구	역촌1동	계	5,766	5,879	3,042	2,764	1,343	1,320	1,381	1,795
2007	은평구	역촌1동	남자	2,748	2,806	1,433	1,309	649	632	666	865
2007	은평구	역촌1동	여자	3,018	3,073	1,609	1,455	694	688	715	930
2007	은평구	역촌2동	계	5,039	5,229	2,787	2,413	1,128	1,225	1,124	1,591
2007	은평구	역촌2동	남자	2,416	2,540	1,347	1,182	546	572	523	786
2007	은평구	역촌2동	여자	2,623	2,689	1,440	1,231	582	653	601	805
2007	은평구	신사1동	계	6,115	5,897	3,013	2,504	1,625	1,566	1,477	1,827
2007	은평구	신사1동	남자	2,977	2,856	1,505	1,218	772	757	700	881
2007	은평구	신사1동	여자	3,138	3,041	1,508	1,286	853	809	777	946
2007	은평구	신사2동	계	4,759	4,979	1,964	1,947	1,618	1,512	1,177	1,520
2007	은평구	신사2동	남자	2,417	2,507	1,013	969	832	764	572	774
2007	은평구	신사2동	여자	2,342	2,472	951	978	786	748	605	746
2007	은평구	증산동	계	4,272	4,375	1,077	1,414	1,859	1,496	1,336	1,465
2007	은평구	증산동	남자	2,084	2,126	564	687	902	743	618	696
2007	은평구	증산동	여자	2,188	2,249	513	727	957	753	718	769
2007	은평구	수색동	계	3,243	3,717	636	993	1,447	1,285	1,160	1,439
2007	은평구	수색동	남자	1,560	1,870	308	507	704	633	548	730
2007	은평구	수색동	여자	1,683	1,847	328	486	743	652	612	709
2007	은평구	진관동	계	445	2,442	133	1,149	114	528	198	765
2007	은평구	진관동	남자	229	1,308	76	609	53	287	100	412
2007	은평구	진관동	여자	216	1,134	57	540	61	241	98	353
2007	서대문구	소계	계	67,811	69,545	18,132	18,132	29,111	30,022	20,568	21,391
2007	서대문구	소계	남자	32,658	33,741	8,548	8,548	14,225	14,669	9,885	10,524
2007	서대문구	소계	여자	35,153	35,804	9,584	9,584	14,886	15,353	10,683	10,867
2007	서대문구	충정로동	계	2,332	2,453	446	563	1,173	1,198	713	692
2007	서대문구	충정로동	남자	1,204	1,246	210	262	617	623	377	361
2007	서대문구	충정로동	여자	1,128	1,207	236	301	556	575	336	331
2007	서대문구	천연동	계	3,512	3,650	507	616	1,907	1,963	1,098	1,071
2007	서대문구	천연동	남자	1,739	1,744	244	288	943	948	552	508
2007	서대문구	천연동	여자	1,773	1,906	263	328	964	1,015	546	563
2007	서대문구	북아현1동	계	2,272	2,231	487	578	995	973	790	680
2007	서대문구	북아현1동	남자	1,136	1,089	225	292	513	457	398	340
2007	서대문구	북아현1동	여자	1,136	1,142	262	286	482	516	392	340
2007	서대문구	북아현2동	계	1,907	2,052	478	529	805	840	624	683
2007	서대문구	북아현2동	남자	894	946	217	259	393	377	284	310
2007	서대문구	북아현2동	여자	1,013	1,106	261	270	412	463	340	373
2007	서대문구	북아현3동	계	2,821	2,818	887	742	1,120	1,181	814	895
2007	서대문구	북아현3동	남자	1,356	1,393	441	360	559	586	356	447
2007	서대문구	북아현3동	여자	1,465	1,425	446	382	561	595	458	448
2007	서대문구	대신동	계	2,112	2,248	363	470	874	1,036	875	742
2007	서대문구	대신동	남자	834	932	149	188	368	439	317	305
2007	서대문구	대신동	여자	1,278	1,316	214	282	506	597	558	437
2007	서대문구	창천동	계	3,657	3,692	374	414	1,505	1,894	1,778	1,384
2007	서대문구	창천동	남자	1,789	1,802	178	210	747	891	864	701
2007	서대문구	창천동	여자	1,868	1,890	196	204	758	1,003	914	683
2007	서대문구	연희1동	계	2,838	3,575	883	1,117	1,158	1,468	797	990
2007	서대문구	연희1동	남자	1,344	1,691	411	516	548	698	385	477
2007	서대문구	연희1동	여자	1,494	1,884	472	601	610	770	412	513
2007	서대문구	연희2동	계	2,133	2,196	943	823	665	727	525	646
2007	서대문구	연희2동	남자	1,020	1,072	445	405	332	349	243	318
2007	서대문구	연희2동	여자	1,113	1,124	498	418	333	378	282	328
2007	서대문구	연희3동	계	4,124	4,122	1,127	1,035	1,497	1,807	1,500	1,280
2007	서대문구	연희3동	남자	2,091	2,104	534	502	737	938	820	664
2007	서대문구	연희3동	여자	2,033	2,018	593	533	760	869	680	616
2007	서대문구	홍제1동	계	2,995	3,122	1,046	997	1,149	1,202	800	923
2007	서대문구	홍제1동	남자	1,399	1,449	467	442	530	573	402	434
2007	서대문구	홍제1동	여자	1,596	1,673	579	555	619	629	398	489
2007	서대문구	홍제2동	계	2,378	2,403	652	648	1,011	1,024	715	731
2007	서대문구	홍제2동	남자	1,133	1,166	322	312	473	495	338	359
2007	서대문구	홍제2동	여자	1,245	1,237	330	336	538	529	377	372
2007	서대문구	홍제3동	계	3,636	3,944	1,189	1,123	1,486	1,584	961	1,237
2007	서대문구	홍제3동	남자	1,741	1,956	533	535	739	793	469	628
2007	서대문구	홍제3동	여자	1,895	1,988	656	588	747	791	492	609
2007	서대문구	홍제4동	계	2,829	2,780	745	731	1,326	1,329	758	720
2007	서대문구	홍제4동	남자	1,349	1,321	344	352	643	637	362	332
2007	서대문구	홍제4동	여자	1,480	1,459	401	379	683	692	396	388
2007	서대문구	홍은1동	계	1,829	1,905	672	603	736	810	421	492
2007	서대문구	홍은1동	남자	877	917	327	278	350	399	200	240
2007	서대문구	홍은1동	여자	952	988	345	325	386	411	221	252
2007	서대문구	홍은2동	계	2,752	3,157	743	898	1,243	1,361	766	898
2007	서대문구	홍은2동	남자	1,324	1,508	357	409	602	675	365	424
2007	서대문구	홍은2동	여자	1,428	1,649	386	489	641	686	401	474
2007	서대문구	홍은3동	계	5,866	5,748	1,780	1,650	2,473	2,284	1,613	1,814
2007	서대문구	홍은3동	남자	2,800	2,818	843	787	1,202	1,121	755	910
2007	서대문구	홍은3동	여자	3,066	2,930	937	863	1,271	1,163	858	904
2007	서대문구	남가좌1동	계	2,734	2,754	748	760	1,080	1,087	906	907
2007	서대문구	남가좌1동	남자	1,321	1,328	359	334	536	540	426	454
2007	서대문구	남가좌1동	여자	1,413	1,426	389	426	544	547	480	453
2007	서대문구	남가좌2동	계	5,291	5,594	1,696	1,781	2,145	2,055	1,450	1,758
2007	서대문구	남가좌2동	남자	2,529	2,746	804	836	1,032	1,032	693	878
2007	서대문구	남가좌2동	여자	2,762	2,848	892	945	1,113	1,023	757	880
2007	서대문구	북가좌1동	계	3,292	3,105	816	786	1,522	1,295	954	1,024
2007	서대문구	북가좌1동	남자	1,617	1,548	386	369	770	663	461	516
2007	서대문구	북가좌1동	여자	1,675	1,557	430	417	752	632	493	508
2007	서대문구	북가좌2동	계	6,501	5,996	1,550	1,268	3,241	2,904	1,710	1,824
2007	서대문구	북가좌2동	남자	3,161	2,965	752	612	1,591	1,435	818	918
2007	서대문구	북가좌2동	여자	3,340	3,031	798	656	1,650	1,469	892	906
2007	마포구	소계	계	82,085	83,227	22,421	22,421	33,459	34,773	26,205	26,033
2007	마포구	소계	남자	40,061	40,598	10,768	10,768	16,456	17,095	12,837	12,735
2007	마포구	소계	여자	42,024	42,629	11,653	11,653	17,003	17,678	13,368	13,298
2007	마포구	아현1동	계	2,210	2,544	413	433	1,124	1,379	673	732
2007	마포구	아현1동	남자	1,139	1,301	203	224	567	694	369	383
2007	마포구	아현1동	여자	1,071	1,243	210	209	557	685	304	349
2007	마포구	아현2동	계	2,580	2,773	477	530	1,200	1,372	903	871
2007	마포구	아현2동	남자	1,317	1,374	239	248	613	696	465	430
2007	마포구	아현2동	여자	1,263	1,399	238	282	587	676	438	441
2007	마포구	공덕1동	계	2,785	2,689	558	495	1,458	1,413	769	781
2007	마포구	공덕1동	남자	1,330	1,302	263	246	699	683	368	373
2007	마포구	공덕1동	여자	1,455	1,387	295	249	759	730	401	408
2007	마포구	공덕2동	계	2,617	2,878	549	646	1,190	1,375	878	857
2007	마포구	공덕2동	남자	1,285	1,414	271	320	565	678	449	416
2007	마포구	공덕2동	여자	1,332	1,464	278	326	625	697	429	441
2007	마포구	신공덕동	계	2,479	2,706	460	744	1,288	1,275	731	687
2007	마포구	신공덕동	남자	1,212	1,355	243	349	638	666	331	340
2007	마포구	신공덕동	여자	1,267	1,351	217	395	650	609	400	347
2007	마포구	용강동	계	4,161	4,430	1,055	1,169	1,839	1,981	1,267	1,280
2007	마포구	용강동	남자	1,961	2,131	501	571	863	952	597	608
2007	마포구	용강동	여자	2,200	2,299	554	598	976	1,029	670	672
2007	마포구	대흥동	계	4,656	4,283	1,046	976	1,654	1,796	1,956	1,511
2007	마포구	대흥동	남자	2,295	2,119	515	483	807	894	973	742
2007	마포구	대흥동	여자	2,361	2,164	531	493	847	902	983	769
2007	마포구	염리동	계	3,297	3,684	904	910	1,272	1,534	1,121	1,240
2007	마포구	염리동	남자	1,640	1,800	455	444	637	765	548	591
2007	마포구	염리동	여자	1,657	1,884	449	466	635	769	573	649
2007	마포구	신수동	계	4,866	4,542	1,465	1,352	1,864	1,786	1,537	1,404
2007	마포구	신수동	남자	2,499	2,291	729	647	952	914	818	730
2007	마포구	신수동	여자	2,367	2,251	736	705	912	872	719	674
2007	마포구	서교동	계	4,785	5,213	1,523	1,843	1,573	1,879	1,689	1,491
2007	마포구	서교동	남자	2,303	2,493	690	873	786	942	827	678
2007	마포구	서교동	여자	2,482	2,720	833	970	787	937	862	813
2007	마포구	동교동	계	3,435	3,900	770	1,167	1,244	1,565	1,421	1,168
2007	마포구	동교동	남자	1,613	1,795	355	531	600	736	658	528
2007	마포구	동교동	여자	1,822	2,105	415	636	644	829	763	640
2007	마포구	합정동	계	4,780	4,923	1,524	1,599	1,678	1,816	1,578	1,508
2007	마포구	합정동	남자	2,346	2,413	749	779	797	887	800	747
2007	마포구	합정동	여자	2,434	2,510	775	820	881	929	778	761
2007	마포구	망원1동	계	4,898	5,453	1,955	2,031	1,666	1,705	1,277	1,717
2007	마포구	망원1동	남자	2,396	2,686	964	999	823	823	609	864
2007	마포구	망원1동	여자	2,502	2,767	991	1,032	843	882	668	853
2007	마포구	망원2동	계	4,190	4,541	1,660	1,647	1,375	1,390	1,155	1,504
2007	마포구	망원2동	남자	2,046	2,258	825	814	685	706	536	738
2007	마포구	망원2동	여자	2,144	2,283	835	833	690	684	619	766
2007	마포구	연남동	계	4,702	4,712	1,442	1,232	1,886	2,054	1,374	1,426
2007	마포구	연남동	남자	2,307	2,256	692	592	965	998	650	666
2007	마포구	연남동	여자	2,395	2,456	750	640	921	1,056	724	760
2007	마포구	성산1동	계	4,365	4,643	1,867	1,731	1,384	1,545	1,114	1,367
2007	마포구	성산1동	남자	2,157	2,263	884	826	704	750	569	687
2007	마포구	성산1동	여자	2,208	2,380	983	905	680	795	545	680
2007	마포구	성산2동	계	5,784	6,256	1,336	1,195	2,534	2,817	1,914	2,244
2007	마포구	성산2동	남자	2,780	3,008	623	559	1,255	1,346	902	1,103
2007	마포구	성산2동	여자	3,004	3,248	713	636	1,279	1,471	1,012	1,141
2007	마포구	상암동	계	4,766	3,620	822	493	2,555	1,847	1,389	1,280
2007	마포구	상암동	남자	2,352	1,796	388	212	1,284	937	680	647
2007	마포구	상암동	여자	2,414	1,824	434	281	1,271	910	709	633
2007	마포구	도화동	계	3,979	4,276	657	759	2,038	2,237	1,284	1,280
2007	마포구	도화동	남자	1,896	2,045	323	348	954	1,070	619	627
2007	마포구	도화동	여자	2,083	2,231	334	411	1,084	1,167	665	653
2007	마포구	서강동	계	6,750	5,161	1,938	1,469	2,637	2,007	2,175	1,685
2007	마포구	서강동	남자	3,187	2,498	856	703	1,262	958	1,069	837
2007	마포구	서강동	여자	3,563	2,663	1,082	766	1,375	1,049	1,106	848
2007	양천구	소계	계	92,032	92,960	29,097	29,097	35,085	34,306	27,850	29,557
2007	양천구	소계	남자	45,459	46,010	14,293	14,293	17,513	16,863	13,653	14,854
2007	양천구	소계	여자	46,573	46,950	14,804	14,804	17,572	17,443	14,197	14,703
2007	양천구	목1동	계	7,001	5,062	2,439	1,529	2,635	2,118	1,927	1,415
2007	양천구	목1동	남자	3,312	2,427	1,156	735	1,281	1,008	875	684
2007	양천구	목1동	여자	3,689	2,635	1,283	794	1,354	1,110	1,052	731
2007	양천구	목2동	계	6,051	5,476	1,639	1,282	2,598	2,304	1,814	1,890
2007	양천구	목2동	남자	2,910	2,688	776	623	1,283	1,119	851	946
2007	양천구	목2동	여자	3,141	2,788	863	659	1,315	1,185	963	944
2007	양천구	목3동	계	5,146	4,822	1,301	1,161	2,469	2,272	1,376	1,389
2007	양천구	목3동	남자	2,495	2,314	637	567	1,202	1,093	656	654
2007	양천구	목3동	여자	2,651	2,508	664	594	1,267	1,179	720	735
2007	양천구	목4동	계	5,783	5,697	1,721	1,854	2,341	2,266	1,721	1,577
2007	양천구	목4동	남자	2,903	2,823	860	914	1,174	1,125	869	784
2007	양천구	목4동	여자	2,880	2,874	861	940	1,167	1,141	852	793
2007	양천구	목5동	계	3,543	3,620	1,138	1,515	1,412	1,257	993	848
2007	양천구	목5동	남자	1,718	1,785	562	721	670	633	486	431
2007	양천구	목5동	여자	1,825	1,835	576	794	742	624	507	417
2007	양천구	목6동	계	3,812	3,753	1,148	1,338	1,524	1,544	1,140	871
2007	양천구	목6동	남자	1,880	1,855	557	644	762	769	561	442
2007	양천구	목6동	여자	1,932	1,898	591	694	762	775	579	429
2007	양천구	신월1동	계	5,188	5,809	1,188	1,163	2,396	2,548	1,604	2,098
2007	양천구	신월1동	남자	2,653	2,966	618	599	1,227	1,263	808	1,104
2007	양천구	신월1동	여자	2,535	2,843	570	564	1,169	1,285	796	994
2007	양천구	신월2동	계	4,852	4,378	2,157	1,648	1,493	1,261	1,202	1,469
2007	양천구	신월2동	남자	2,445	2,173	1,110	799	746	635	589	739
2007	양천구	신월2동	여자	2,407	2,205	1,047	849	747	626	613	730
2007	양천구	신월3동	계	3,872	3,975	904	855	1,405	1,378	1,563	1,742
2007	양천구	신월3동	남자	2,019	2,029	443	410	768	719	808	900
2007	양천구	신월3동	여자	1,853	1,946	461	445	637	659	755	842
2007	양천구	신월4동	계	3,649	4,049	1,754	1,920	1,016	987	879	1,142
2007	양천구	신월4동	남자	1,821	2,040	879	983	501	485	441	572
2007	양천구	신월4동	여자	1,828	2,009	875	937	515	502	438	570
2007	양천구	신월5동	계	3,100	3,346	649	547	1,501	1,536	950	1,263
2007	양천구	신월5동	남자	1,518	1,675	334	282	720	748	464	645
2007	양천구	신월5동	여자	1,582	1,671	315	265	781	788	486	618
2007	양천구	신월6동	계	2,620	2,812	1,045	1,164	801	737	774	911
2007	양천구	신월6동	남자	1,340	1,412	523	565	416	372	401	475
2007	양천구	신월6동	여자	1,280	1,400	522	599	385	365	373	436
2007	양천구	신월7동	계	4,489	4,727	1,419	1,428	1,565	1,332	1,505	1,967
2007	양천구	신월7동	남자	2,312	2,365	706	694	817	673	789	998
2007	양천구	신월7동	여자	2,177	2,362	713	734	748	659	716	969
2007	양천구	신정1동	계	4,017	4,155	1,487	1,559	1,286	1,441	1,244	1,155
2007	양천구	신정1동	남자	2,014	2,077	730	767	639	714	645	596
2007	양천구	신정1동	여자	2,003	2,078	757	792	647	727	599	559
2007	양천구	신정2동	계	3,492	3,621	1,079	1,286	1,334	1,332	1,079	1,003
2007	양천구	신정2동	남자	1,745	1,764	548	611	677	660	520	493
2007	양천구	신정2동	여자	1,747	1,857	531	675	657	672	559	510
2007	양천구	신정3동	계	8,608	9,352	2,370	2,791	3,275	3,279	2,963	3,282
2007	양천구	신정3동	남자	4,222	4,650	1,140	1,420	1,642	1,620	1,440	1,610
2007	양천구	신정3동	여자	4,386	4,702	1,230	1,371	1,633	1,659	1,523	1,672
2007	양천구	신정4동	계	4,030	4,260	1,561	1,597	1,344	1,398	1,125	1,265
2007	양천구	신정4동	남자	1,990	2,127	748	779	676	703	566	645
2007	양천구	신정4동	여자	2,040	2,133	813	818	668	695	559	620
2007	양천구	신정5동	계	3,990	4,429	1,277	1,343	1,461	1,675	1,252	1,411
2007	양천구	신정5동	남자	1,982	2,173	605	661	731	805	646	707
2007	양천구	신정5동	여자	2,008	2,256	672	682	730	870	606	704
2007	양천구	신정6동	계	4,155	4,331	1,527	1,648	1,398	1,514	1,230	1,169
2007	양천구	신정6동	남자	1,994	2,106	744	806	694	713	556	587
2007	양천구	신정6동	여자	2,161	2,225	783	842	704	801	674	582
2007	양천구	신정7동	계	4,634	5,286	1,294	1,469	1,831	2,127	1,509	1,690
2007	양천구	신정7동	남자	2,186	2,561	617	713	887	1,006	682	842
2007	양천구	신정7동	여자	2,448	2,725	677	756	944	1,121	827	848
2007	강서구	소계	계	112,558	111,340	39,545	39,545	39,820	33,625	33,193	38,170
2007	강서구	소계	남자	55,138	54,833	19,074	19,074	19,805	16,679	16,259	19,080
2007	강서구	소계	여자	57,420	56,507	20,471	20,471	20,015	16,946	16,934	19,090
2007	강서구	염창동	계	6,115	5,694	1,458	1,247	2,697	2,356	1,960	2,091
2007	강서구	염창동	남자	2,975	2,769	716	618	1,331	1,144	928	1,007
2007	강서구	염창동	여자	3,140	2,925	742	629	1,366	1,212	1,032	1,084
2007	강서구	등촌1동	계	4,229	4,169	1,594	1,503	1,484	1,321	1,151	1,345
2007	강서구	등촌1동	남자	2,102	2,123	788	738	746	668	568	717
2007	강서구	등촌1동	여자	2,127	2,046	806	765	738	653	583	628
2007	강서구	등촌2동	계	3,996	4,067	1,050	1,045	1,854	1,769	1,092	1,253
2007	강서구	등촌2동	남자	1,966	2,014	515	480	913	902	538	632
2007	강서구	등촌2동	여자	2,030	2,053	535	565	941	867	554	621
2007	강서구	등촌3동	계	5,536	6,285	1,626	2,378	2,223	1,910	1,687	1,997
2007	강서구	등촌3동	남자	2,628	3,017	730	1,144	1,062	924	836	949
2007	강서구	등촌3동	여자	2,908	3,268	896	1,234	1,161	986	851	1,048
2007	강서구	화곡본동	계	8,077	8,481	2,717	2,898	2,845	2,548	2,515	3,035
2007	강서구	화곡본동	남자	3,932	4,216	1,290	1,393	1,416	1,291	1,226	1,532
2007	강서구	화곡본동	여자	4,145	4,265	1,427	1,505	1,429	1,257	1,289	1,503
2007	강서구	화곡1동	계	5,303	5,908	1,495	1,837	2,350	2,254	1,458	1,817
2007	강서구	화곡1동	남자	2,610	2,963	695	921	1,193	1,129	722	913
2007	강서구	화곡1동	여자	2,693	2,945	800	916	1,157	1,125	736	904
2007	강서구	화곡2동	계	4,749	4,722	1,726	1,853	1,778	1,370	1,245	1,499
2007	강서구	화곡2동	남자	2,347	2,305	842	911	899	674	606	720
2007	강서구	화곡2동	여자	2,402	2,417	884	942	879	696	639	779
2007	강서구	화곡3동	계	4,729	5,291	1,715	1,927	1,686	1,724	1,328	1,640
2007	강서구	화곡3동	남자	2,311	2,530	812	881	834	830	665	819
2007	강서구	화곡3동	여자	2,418	2,761	903	1,046	852	894	663	821
2007	강서구	화곡4동	계	4,696	4,905	1,312	1,441	2,067	1,767	1,317	1,697
2007	강서구	화곡4동	남자	2,342	2,412	652	702	1,038	870	652	840
2007	강서구	화곡4동	여자	2,354	2,493	660	739	1,029	897	665	857
2007	강서구	화곡5동	계	4,450	4,198	2,016	1,781	1,258	1,088	1,176	1,329
2007	강서구	화곡5동	남자	2,209	2,077	966	863	628	548	615	666
2007	강서구	화곡5동	여자	2,241	2,121	1,050	918	630	540	561	663
2007	강서구	화곡6동	계	5,271	5,408	1,892	1,987	1,641	1,555	1,738	1,866
2007	강서구	화곡6동	남자	2,536	2,591	907	935	791	735	838	921
2007	강서구	화곡6동	여자	2,735	2,817	985	1,052	850	820	900	945
2007	강서구	화곡7동	계	6,201	6,799	1,921	2,278	2,561	2,269	1,719	2,252
2007	강서구	화곡7동	남자	3,034	3,347	954	1,091	1,268	1,134	812	1,122
2007	강서구	화곡7동	여자	3,167	3,452	967	1,187	1,293	1,135	907	1,130
2007	강서구	화곡8동	계	5,948	6,291	1,983	2,248	2,250	1,958	1,715	2,085
2007	강서구	화곡8동	남자	2,946	3,090	951	1,069	1,144	969	851	1,052
2007	강서구	화곡8동	여자	3,002	3,201	1,032	1,179	1,106	989	864	1,033
2007	강서구	가양1동	계	3,633	3,818	1,228	1,350	1,210	1,151	1,195	1,317
2007	강서구	가양1동	남자	1,802	1,954	600	691	600	590	602	673
2007	강서구	가양1동	여자	1,831	1,864	628	659	610	561	593	644
2007	강서구	가양2동	계	2,564	2,875	729	942	1,069	932	766	1,001
2007	강서구	가양2동	남자	1,271	1,425	344	459	551	471	376	495
2007	강서구	가양2동	여자	1,293	1,450	385	483	518	461	390	506
2007	강서구	가양3동	계	2,898	3,367	856	1,124	1,182	1,068	860	1,175
2007	강서구	가양3동	남자	1,424	1,658	426	539	606	524	392	595
2007	강서구	가양3동	여자	1,474	1,709	430	585	576	544	468	580
2007	강서구	발산1동	계	9,632	3,293	4,514	1,515	3,484	801	1,634	977
2007	강서구	발산1동	남자	4,583	1,591	2,122	729	1,694	378	767	484
2007	강서구	발산1동	여자	5,049	1,702	2,392	786	1,790	423	867	493
2007	강서구	발산2동	계	4,052	3,794	1,760	1,628	1,117	1,042	1,175	1,124
2007	강서구	발산2동	남자	1,891	1,771	826	753	517	508	548	510
2007	강서구	발산2동	여자	2,161	2,023	934	875	600	534	627	614
2007	강서구	공항동	계	4,726	5,283	1,550	1,810	1,244	1,166	1,932	2,307
2007	강서구	공항동	남자	2,453	2,771	774	925	660	613	1,019	1,233
2007	강서구	공항동	여자	2,273	2,512	776	885	584	553	913	1,074
2007	강서구	방화1동	계	5,896	6,097	2,758	2,666	1,233	1,162	1,905	2,269
2007	강서구	방화1동	남자	2,980	3,073	1,375	1,283	634	611	971	1,179
2007	강서구	방화1동	여자	2,916	3,024	1,383	1,383	599	551	934	1,090
2007	강서구	방화2동	계	5,116	5,176	2,042	1,983	1,255	1,103	1,819	2,090
2007	강서구	방화2동	남자	2,532	2,547	1,002	947	624	553	906	1,047
2007	강서구	방화2동	여자	2,584	2,629	1,040	1,036	631	550	913	1,043
2007	강서구	방화3동	계	4,741	5,419	1,603	2,104	1,332	1,311	1,806	2,004
2007	강서구	방화3동	남자	2,264	2,589	787	1,002	656	613	821	974
2007	강서구	방화3동	여자	2,477	2,830	816	1,102	676	698	985	1,030
2007	구로구	소계	계	77,492	80,945	20,837	20,837	27,283	26,330	29,372	33,778
2007	구로구	소계	남자	39,049	41,005	10,378	10,378	13,945	13,367	14,726	17,260
2007	구로구	소계	여자	38,443	39,940	10,459	10,459	13,338	12,963	14,646	16,518
2007	구로구	신도림동	계	5,263	5,249	754	655	2,548	2,458	1,961	2,136
2007	구로구	신도림동	남자	2,592	2,604	388	320	1,233	1,238	971	1,046
2007	구로구	신도림동	여자	2,671	2,645	366	335	1,315	1,220	990	1,090
2007	구로구	구로1동	계	3,458	3,685	509	591	1,541	1,474	1,408	1,620
2007	구로구	구로1동	남자	1,669	1,823	229	288	769	713	671	822
2007	구로구	구로1동	여자	1,789	1,862	280	303	772	761	737	798
2007	구로구	구로2동	계	3,349	3,814	1,267	1,330	1,000	1,064	1,082	1,420
2007	구로구	구로2동	남자	1,715	1,940	651	668	509	561	555	711
2007	구로구	구로2동	여자	1,634	1,874	616	662	491	503	527	709
2007	구로구	구로3동	계	7,188	5,532	1,490	1,182	3,134	2,395	2,564	1,955
2007	구로구	구로3동	남자	3,767	2,893	750	617	1,647	1,249	1,370	1,027
2007	구로구	구로3동	여자	3,421	2,639	740	565	1,487	1,146	1,194	928
2007	구로구	구로4동	계	2,984	3,247	1,012	1,207	1,097	887	875	1,153
2007	구로구	구로4동	남자	1,517	1,667	522	626	549	439	446	602
2007	구로구	구로4동	여자	1,467	1,580	490	581	548	448	429	551
2007	구로구	구로5동	계	6,769	6,315	1,361	1,243	2,966	2,574	2,442	2,498
2007	구로구	구로5동	남자	3,416	3,286	684	644	1,544	1,356	1,188	1,286
2007	구로구	구로5동	여자	3,353	3,029	677	599	1,422	1,218	1,254	1,212
2007	구로구	구로6동	계	2,626	3,216	710	1,092	1,071	1,096	845	1,028
2007	구로구	구로6동	남자	1,321	1,644	358	529	535	568	428	547
2007	구로구	구로6동	여자	1,305	1,572	352	563	536	528	417	481
2007	구로구	구로본동	계	3,413	3,982	1,107	1,204	1,099	1,319	1,207	1,459
2007	구로구	구로본동	남자	1,734	2,032	548	598	552	686	634	748
2007	구로구	구로본동	여자	1,679	1,950	559	606	547	633	573	711
2007	구로구	가리봉1동	계	2,161	2,337	364	395	963	1,037	834	905
2007	구로구	가리봉1동	남자	1,257	1,337	199	217	581	604	477	516
2007	구로구	가리봉1동	여자	904	1,000	165	178	382	433	357	389
2007	구로구	가리봉2동	계	1,022	1,202	348	385	354	383	320	434
2007	구로구	가리봉2동	남자	537	652	178	200	187	217	172	235
2007	구로구	가리봉2동	여자	485	550	170	185	167	166	148	199
2007	구로구	고척1동	계	4,016	4,432	1,307	1,237	1,279	1,474	1,430	1,721
2007	구로구	고척1동	남자	1,999	2,214	666	629	643	724	690	861
2007	구로구	고척1동	여자	2,017	2,218	641	608	636	750	740	860
2007	구로구	고척2동	계	4,629	5,321	1,616	1,765	1,395	1,652	1,618	1,904
2007	구로구	고척2동	남자	2,326	2,682	823	873	702	818	801	991
2007	구로구	고척2동	여자	2,303	2,639	793	892	693	834	817	913
2007	구로구	개봉1동	계	3,177	3,345	1,246	1,190	950	869	981	1,286
2007	구로구	개봉1동	남자	1,650	1,711	634	583	503	452	513	676
2007	구로구	개봉1동	여자	1,527	1,634	612	607	447	417	468	610
2007	구로구	개봉2동	계	5,666	6,563	1,542	1,472	1,628	1,962	2,496	3,129
2007	구로구	개봉2동	남자	2,753	3,174	741	689	806	951	1,206	1,534
2007	구로구	개봉2동	여자	2,913	3,389	801	783	822	1,011	1,290	1,595
2007	구로구	개봉3동	계	4,120	4,586	1,064	1,114	1,028	975	2,028	2,497
2007	구로구	개봉3동	남자	2,033	2,226	513	537	523	472	997	1,217
2007	구로구	개봉3동	여자	2,087	2,360	551	577	505	503	1,031	1,280
2007	구로구	개봉본동	계	4,002	4,219	1,654	1,464	1,054	1,067	1,294	1,688
2007	구로구	개봉본동	남자	1,981	2,088	815	716	524	527	642	845
2007	구로구	개봉본동	여자	2,021	2,131	839	748	530	540	652	843
2007	구로구	오류1동	계	4,177	4,105	1,302	1,242	1,269	1,117	1,606	1,746
2007	구로구	오류1동	남자	2,084	2,058	631	618	657	554	796	886
2007	구로구	오류1동	여자	2,093	2,047	671	624	612	563	810	860
2007	구로구	오류2동	계	5,242	5,616	1,124	1,099	1,720	1,564	2,398	2,953
2007	구로구	오류2동	남자	2,620	2,817	530	540	890	752	1,200	1,525
2007	구로구	오류2동	여자	2,622	2,799	594	559	830	812	1,198	1,428
2007	구로구	수궁동	계	4,230	4,179	1,060	970	1,187	963	1,983	2,246
2007	구로구	수궁동	남자	2,078	2,157	518	486	591	486	969	1,185
2007	구로구	수궁동	여자	2,152	2,022	542	484	596	477	1,014	1,061
2007	금천구	소계	계	46,131	52,245	16,256	16,256	13,940	14,832	15,935	21,157
2007	금천구	소계	남자	23,616	26,653	8,201	8,201	7,265	7,539	8,150	10,913
2007	금천구	소계	여자	22,515	25,592	8,055	8,055	6,675	7,293	7,785	10,244
2007	금천구	가산동	계	3,615	4,086	625	810	1,567	1,554	1,423	1,722
2007	금천구	가산동	남자	2,057	2,260	370	436	880	843	807	981
2007	금천구	가산동	여자	1,558	1,826	255	374	687	711	616	741
2007	금천구	독산1동	계	6,020	6,796	1,218	1,212	1,822	1,881	2,980	3,703
2007	금천구	독산1동	남자	3,151	3,505	627	642	992	994	1,532	1,869
2007	금천구	독산1동	여자	2,869	3,291	591	570	830	887	1,448	1,834
2007	금천구	독산2동	계	4,682	5,102	1,820	1,894	1,318	1,330	1,544	1,878
2007	금천구	독산2동	남자	2,389	2,556	926	940	680	659	783	957
2007	금천구	독산2동	여자	2,293	2,546	894	954	638	671	761	921
2007	금천구	독산3동	계	3,344	3,378	1,013	926	1,415	1,403	916	1,049
2007	금천구	독산3동	남자	1,651	1,705	498	465	707	696	446	544
2007	금천구	독산3동	여자	1,693	1,673	515	461	708	707	470	505
2007	금천구	독산4동	계	4,134	4,388	1,746	1,662	1,196	1,191	1,192	1,535
2007	금천구	독산4동	남자	2,145	2,250	868	837	646	604	631	809
2007	금천구	독산4동	여자	1,989	2,138	878	825	550	587	561	726
2007	금천구	독산본동	계	2,720	3,070	983	1,107	925	1,005	812	958
2007	금천구	독산본동	남자	1,419	1,590	491	554	491	503	437	533
2007	금천구	독산본동	여자	1,301	1,480	492	553	434	502	375	425
2007	금천구	시흥1동	계	2,326	4,996	752	1,846	631	1,197	943	1,953
2007	금천구	시흥1동	남자	1,161	2,603	385	952	292	619	484	1,032
2007	금천구	시흥1동	여자	1,165	2,393	367	894	339	578	459	921
2007	금천구	시흥2동	계	3,830	4,147	1,279	883	1,499	1,622	1,052	1,642
2007	금천구	시흥2동	남자	1,863	2,047	636	436	732	788	495	823
2007	금천구	시흥2동	여자	1,967	2,100	643	447	767	834	557	819
2007	금천구	시흥3동	계	1,965	2,522	625	694	415	500	925	1,328
2007	금천구	시흥3동	남자	1,009	1,247	347	337	195	236	467	674
2007	금천구	시흥3동	여자	956	1,275	278	357	220	264	458	654
2007	금천구	시흥4동	계	4,980	5,166	2,184	1,843	1,302	1,282	1,494	2,041
2007	금천구	시흥4동	남자	2,495	2,622	1,079	957	672	650	744	1,015
2007	금천구	시흥4동	여자	2,485	2,544	1,105	886	630	632	750	1,026
2007	금천구	시흥5동	계	4,244	4,094	2,017	1,550	911	885	1,316	1,659
2007	금천구	시흥5동	남자	2,128	2,043	975	758	482	447	671	838
2007	금천구	시흥5동	여자	2,116	2,051	1,042	792	429	438	645	821
2007	금천구	시흥본동	계	4,271	4,500	1,994	1,829	939	982	1,338	1,689
2007	금천구	시흥본동	남자	2,148	2,225	999	887	496	500	653	838
2007	금천구	시흥본동	여자	2,123	2,275	995	942	443	482	685	851
2007	영등포구	소계	계	76,795	81,428	18,797	18,797	32,136	34,480	25,862	28,151
2007	영등포구	소계	남자	38,947	41,373	9,485	9,485	16,247	17,472	13,215	14,416
2007	영등포구	소계	여자	37,848	40,055	9,312	9,312	15,889	17,008	12,647	13,735
2007	영등포구	영등포1동	계	3,068	3,305	931	839	1,086	1,371	1,051	1,095
2007	영등포구	영등포1동	남자	1,595	1,690	476	435	565	690	554	565
2007	영등포구	영등포1동	여자	1,473	1,615	455	404	521	681	497	530
2007	영등포구	영등포2동	계	2,150	1,594	428	422	827	601	895	571
2007	영등포구	영등포2동	남자	1,539	1,037	277	265	611	404	651	368
2007	영등포구	영등포2동	여자	611	557	151	157	216	197	244	203
2007	영등포구	영등포3동	계	2,228	2,397	655	615	779	936	794	846
2007	영등포구	영등포3동	남자	1,202	1,273	365	317	411	505	426	451
2007	영등포구	영등포3동	여자	1,026	1,124	290	298	368	431	368	395
2007	영등포구	여의도동	계	5,022	4,692	480	480	2,866	2,664	1,676	1,548
2007	영등포구	여의도동	남자	2,401	2,252	224	225	1,346	1,248	831	779
2007	영등포구	여의도동	여자	2,621	2,440	256	255	1,520	1,416	845	769
2007	영등포구	당산1동	계	4,232	4,529	1,016	1,167	1,771	1,865	1,445	1,497
2007	영등포구	당산1동	남자	2,155	2,319	530	587	881	972	744	760
2007	영등포구	당산1동	여자	2,077	2,210	486	580	890	893	701	737
2007	영등포구	당산2동	계	5,651	6,049	1,149	1,107	2,546	2,899	1,956	2,043
2007	영등포구	당산2동	남자	2,802	3,063	574	573	1,255	1,451	973	1,039
2007	영등포구	당산2동	여자	2,849	2,986	575	534	1,291	1,448	983	1,004
2007	영등포구	도림1동	계	1,608	1,877	659	695	443	558	506	624
2007	영등포구	도림1동	남자	847	964	328	352	251	296	268	316
2007	영등포구	도림1동	여자	761	913	331	343	192	262	238	308
2007	영등포구	도림2동	계	2,818	2,908	642	732	1,133	1,154	1,043	1,022
2007	영등포구	도림2동	남자	1,394	1,460	348	368	535	586	511	506
2007	영등포구	도림2동	여자	1,424	1,448	294	364	598	568	532	516
2007	영등포구	문래1동	계	2,684	2,806	669	592	1,247	1,350	768	864
2007	영등포구	문래1동	남자	1,335	1,466	323	298	632	701	380	467
2007	영등포구	문래1동	여자	1,349	1,340	346	294	615	649	388	397
2007	영등포구	문래2동	계	2,967	2,977	642	685	1,401	1,327	924	965
2007	영등포구	문래2동	남자	1,480	1,478	337	320	705	674	438	484
2007	영등포구	문래2동	여자	1,487	1,499	305	365	696	653	486	481
2007	영등포구	양평1동	계	3,828	3,423	871	743	1,817	1,507	1,140	1,173
2007	영등포구	양평1동	남자	1,913	1,742	429	388	915	761	569	593
2007	영등포구	양평1동	여자	1,915	1,681	442	355	902	746	571	580
2007	영등포구	양평2동	계	3,402	3,669	599	607	1,608	1,750	1,195	1,312
2007	영등포구	양평2동	남자	1,713	1,891	280	314	820	908	613	669
2007	영등포구	양평2동	여자	1,689	1,778	319	293	788	842	582	643
2007	영등포구	신길1동	계	4,110	4,519	986	1,026	1,626	1,841	1,498	1,652
2007	영등포구	신길1동	남자	2,108	2,337	483	509	861	957	764	871
2007	영등포구	신길1동	여자	2,002	2,182	503	517	765	884	734	781
2007	영등포구	신길2동	계	2,111	2,384	638	688	685	821	788	875
2007	영등포구	신길2동	남자	1,061	1,212	327	336	343	428	391	448
2007	영등포구	신길2동	여자	1,050	1,172	311	352	342	393	397	427
2007	영등포구	신길3동	계	3,395	3,665	1,308	1,216	1,060	1,196	1,027	1,253
2007	영등포구	신길3동	남자	1,691	1,815	652	601	522	599	517	615
2007	영등포구	신길3동	여자	1,704	1,850	656	615	538	597	510	638
2007	영등포구	신길4동	계	2,351	2,579	846	841	804	901	701	837
2007	영등포구	신길4동	남자	1,175	1,283	417	410	403	437	355	436
2007	영등포구	신길4동	여자	1,176	1,296	429	431	401	464	346	401
2007	영등포구	신길5동	계	3,154	3,554	1,227	1,263	998	1,142	929	1,149
2007	영등포구	신길5동	남자	1,558	1,777	592	642	497	574	469	561
2007	영등포구	신길5동	여자	1,596	1,777	635	621	501	568	460	588
2007	영등포구	신길6동	계	4,509	5,008	1,128	1,098	2,140	2,369	1,241	1,541
2007	영등포구	신길6동	남자	2,166	2,518	546	552	1,026	1,173	594	793
2007	영등포구	신길6동	여자	2,343	2,490	582	546	1,114	1,196	647	748
2007	영등포구	신길7동	계	4,551	5,196	846	926	1,693	2,025	2,012	2,245
2007	영등포구	신길7동	남자	2,277	2,566	420	452	852	1,001	1,005	1,113
2007	영등포구	신길7동	여자	2,274	2,630	426	474	841	1,024	1,007	1,132
2007	영등포구	대림1동	계	3,633	4,056	1,153	1,021	1,351	1,654	1,129	1,381
2007	영등포구	대림1동	남자	1,833	2,085	575	518	700	842	558	725
2007	영등포구	대림1동	여자	1,800	1,971	578	503	651	812	571	656
2007	영등포구	대림2동	계	4,071	4,313	743	857	1,959	1,919	1,369	1,537
2007	영등포구	대림2동	남자	2,041	2,152	388	438	971	947	682	767
2007	영등포구	대림2동	여자	2,030	2,161	355	419	988	972	687	770
2007	영등포구	대림3동	계	5,252	5,928	1,181	1,177	2,296	2,630	1,775	2,121
2007	영등포구	대림3동	남자	2,661	2,993	594	585	1,145	1,318	922	1,090
2007	영등포구	대림3동	여자	2,591	2,935	587	592	1,151	1,312	853	1,031
2007	동작구	소계	계	86,005	91,305	23,736	23,736	35,550	38,350	26,719	29,219
2007	동작구	소계	남자	42,159	45,134	11,403	11,403	17,344	18,966	13,412	14,765
2007	동작구	소계	여자	43,846	46,171	12,333	12,333	18,206	19,384	13,307	14,454
2007	동작구	노량진1동	계	4,186	4,971	1,171	1,571	1,273	1,632	1,742	1,768
2007	동작구	노량진1동	남자	2,163	2,587	548	732	647	864	968	991
2007	동작구	노량진1동	여자	2,023	2,384	623	839	626	768	774	777
2007	동작구	노량진2동	계	3,796	4,235	1,125	1,278	1,261	1,438	1,410	1,519
2007	동작구	노량진2동	남자	1,931	2,149	557	629	624	734	750	786
2007	동작구	노량진2동	여자	1,865	2,086	568	649	637	704	660	733
2007	동작구	상도1동	계	5,197	4,443	1,812	1,390	1,952	1,735	1,433	1,318
2007	동작구	상도1동	남자	2,507	2,198	846	686	946	866	715	646
2007	동작구	상도1동	여자	2,690	2,245	966	704	1,006	869	718	672
2007	동작구	상도2동	계	6,646	5,253	2,470	2,151	2,618	1,654	1,558	1,448
2007	동작구	상도2동	남자	3,236	2,560	1,195	1,009	1,285	829	756	722
2007	동작구	상도2동	여자	3,410	2,693	1,275	1,142	1,333	825	802	726
2007	동작구	상도3동	계	5,324	5,170	2,400	1,670	1,715	1,868	1,209	1,632
2007	동작구	상도3동	남자	2,587	2,524	1,182	784	841	934	564	806
2007	동작구	상도3동	여자	2,737	2,646	1,218	886	874	934	645	826
2007	동작구	상도4동	계	5,653	6,225	2,251	2,088	1,863	2,087	1,539	2,050
2007	동작구	상도4동	남자	2,784	3,100	1,096	1,035	924	1,010	764	1,055
2007	동작구	상도4동	여자	2,869	3,125	1,155	1,053	939	1,077	775	995
2007	동작구	상도5동	계	4,134	4,280	847	923	1,959	2,082	1,328	1,275
2007	동작구	상도5동	남자	2,102	2,170	400	465	1,002	1,058	700	647
2007	동작구	상도5동	여자	2,032	2,110	447	458	957	1,024	628	628
2007	동작구	본동	계	2,519	3,073	761	884	965	1,263	793	926
2007	동작구	본동	남자	1,223	1,504	358	436	470	613	395	455
2007	동작구	본동	여자	1,296	1,569	403	448	495	650	398	471
2007	동작구	흑석1동	계	3,508	3,637	1,065	915	990	1,312	1,453	1,410
2007	동작구	흑석1동	남자	1,911	1,942	532	453	538	692	841	797
2007	동작구	흑석1동	여자	1,597	1,695	533	462	452	620	612	613
2007	동작구	흑석2동	계	1,799	3,501	450	1,281	805	1,364	544	856
2007	동작구	흑석2동	남자	848	1,712	218	614	366	649	264	449
2007	동작구	흑석2동	여자	951	1,789	232	667	439	715	280	407
2007	동작구	흑석3동	계	1,883	2,103	749	796	486	612	648	695
2007	동작구	흑석3동	남자	922	1,090	352	397	239	330	331	363
2007	동작구	흑석3동	여자	961	1,013	397	399	247	282	317	332
2007	동작구	동작동	계	3,714	4,113	664	748	1,731	1,970	1,319	1,395
2007	동작구	동작동	남자	1,805	2,064	336	351	821	1,008	648	705
2007	동작구	동작동	여자	1,909	2,049	328	397	910	962	671	690
2007	동작구	사당1동	계	5,833	6,170	943	949	2,808	3,025	2,082	2,196
2007	동작구	사당1동	남자	2,858	2,896	461	436	1,382	1,420	1,015	1,040
2007	동작구	사당1동	여자	2,975	3,274	482	513	1,426	1,605	1,067	1,156
2007	동작구	사당2동	계	2,656	2,870	634	590	1,250	1,391	772	889
2007	동작구	사당2동	남자	1,284	1,403	299	283	590	686	395	434
2007	동작구	사당2동	여자	1,372	1,467	335	307	660	705	377	455
2007	동작구	사당3동	계	5,323	5,839	1,199	1,321	2,443	2,511	1,681	2,007
2007	동작구	사당3동	남자	2,522	2,835	561	601	1,143	1,219	818	1,015
2007	동작구	사당3동	여자	2,801	3,004	638	720	1,300	1,292	863	992
2007	동작구	사당4동	계	3,394	3,413	1,060	953	1,351	1,312	983	1,148
2007	동작구	사당4동	남자	1,620	1,684	512	459	645	651	463	574
2007	동작구	사당4동	여자	1,774	1,729	548	494	706	661	520	574
2007	동작구	사당5동	계	3,262	3,669	850	847	1,403	1,649	1,009	1,173
2007	동작구	사당5동	남자	1,584	1,795	390	415	689	792	505	588
2007	동작구	사당5동	여자	1,678	1,874	460	432	714	857	504	585
2007	동작구	대방동	계	7,683	7,845	1,798	1,556	3,602	3,944	2,283	2,345
2007	동작구	대방동	남자	3,696	3,781	856	732	1,740	1,933	1,100	1,116
2007	동작구	대방동	여자	3,987	4,064	942	824	1,862	2,011	1,183	1,229
2007	동작구	신대방1동	계	5,175	5,076	521	427	3,144	3,060	1,510	1,589
2007	동작구	신대방1동	남자	2,487	2,478	237	207	1,511	1,466	739	805
2007	동작구	신대방1동	여자	2,688	2,598	284	220	1,633	1,594	771	784
2007	동작구	신대방2동	계	4,320	5,419	966	1,398	1,931	2,441	1,423	1,580
2007	동작구	신대방2동	남자	2,089	2,662	467	679	941	1,212	681	771
2007	동작구	신대방2동	여자	2,231	2,757	499	719	990	1,229	742	809
2007	관악구	소계	계	124,277	128,115	39,068	39,068	39,730	44,292	45,479	44,755
2007	관악구	소계	남자	63,816	65,656	19,817	19,817	20,413	22,512	23,586	23,327
2007	관악구	소계	여자	60,461	62,459	19,251	19,251	19,317	21,780	21,893	21,428
2007	관악구	봉천본동	계	3,832	3,993	1,496	1,489	1,065	1,312	1,271	1,192
2007	관악구	봉천본동	남자	1,860	2,006	736	752	520	664	604	590
2007	관악구	봉천본동	여자	1,972	1,987	760	737	545	648	667	602
2007	관악구	봉천1동	계	5,632	5,935	1,749	1,608	2,120	2,243	1,763	2,084
2007	관악구	봉천1동	남자	2,798	3,033	871	817	1,056	1,124	871	1,092
2007	관악구	봉천1동	여자	2,834	2,902	878	791	1,064	1,119	892	992
2007	관악구	봉천2동	계	2,540	2,809	933	866	904	1,063	703	880
2007	관악구	봉천2동	남자	1,256	1,389	463	414	452	541	341	434
2007	관악구	봉천2동	여자	1,284	1,420	470	452	452	522	362	446
2007	관악구	봉천3동	계	3,325	3,658	920	879	1,464	1,714	941	1,065
2007	관악구	봉천3동	남자	1,654	1,821	461	421	731	858	462	542
2007	관악구	봉천3동	여자	1,671	1,837	459	458	733	856	479	523
2007	관악구	봉천4동	계	6,261	5,605	1,883	1,896	1,689	1,806	2,689	1,903
2007	관악구	봉천4동	남자	3,228	2,869	958	961	870	882	1,400	1,026
2007	관악구	봉천4동	여자	3,033	2,736	925	935	819	924	1,289	877
2007	관악구	봉천5동	계	3,568	3,783	1,168	856	1,473	1,682	927	1,245
2007	관악구	봉천5동	남자	1,770	1,888	566	431	748	827	456	630
2007	관악구	봉천5동	여자	1,798	1,895	602	425	725	855	471	615
2007	관악구	봉천6동	계	7,845	8,610	2,199	2,644	2,527	3,118	3,119	2,848
2007	관악구	봉천6동	남자	3,940	4,268	1,120	1,318	1,295	1,513	1,525	1,437
2007	관악구	봉천6동	여자	3,905	4,342	1,079	1,326	1,232	1,605	1,594	1,411
2007	관악구	봉천7동	계	5,944	5,443	1,749	1,800	1,637	1,685	2,558	1,958
2007	관악구	봉천7동	남자	3,115	2,915	877	957	847	896	1,391	1,062
2007	관악구	봉천7동	여자	2,829	2,528	872	843	790	789	1,167	896
2007	관악구	봉천8동	계	3,471	3,779	1,385	1,523	901	973	1,185	1,283
2007	관악구	봉천8동	남자	1,742	1,871	685	763	463	459	594	649
2007	관악구	봉천8동	여자	1,729	1,908	700	760	438	514	591	634
2007	관악구	봉천9동	계	3,893	4,186	1,506	1,392	1,291	1,525	1,096	1,269
2007	관악구	봉천9동	남자	1,917	2,092	766	677	625	770	526	645
2007	관악구	봉천9동	여자	1,976	2,094	740	715	666	755	570	624
2007	관악구	봉천10동	계	3,518	3,629	1,424	1,443	940	1,062	1,154	1,124
2007	관악구	봉천10동	남자	1,764	1,777	698	694	502	538	564	545
2007	관악구	봉천10동	여자	1,754	1,852	726	749	438	524	590	579
2007	관악구	봉천11동	계	6,795	7,058	1,826	1,721	2,303	2,637	2,666	2,700
2007	관악구	봉천11동	남자	3,390	3,540	914	887	1,153	1,309	1,323	1,344
2007	관악구	봉천11동	여자	3,405	3,518	912	834	1,150	1,328	1,343	1,356
2007	관악구	남현동	계	4,645	4,929	406	491	2,280	2,371	1,959	2,067
2007	관악구	남현동	남자	2,262	2,392	189	245	1,120	1,161	953	986
2007	관악구	남현동	여자	2,383	2,537	217	246	1,160	1,210	1,006	1,081
2007	관악구	신림본동	계	7,127	7,268	2,344	2,310	1,920	2,336	2,863	2,622
2007	관악구	신림본동	남자	3,607	3,609	1,172	1,170	1,006	1,150	1,429	1,289
2007	관악구	신림본동	여자	3,520	3,659	1,172	1,140	914	1,186	1,434	1,333
2007	관악구	신림1동	계	4,856	4,940	1,654	1,654	1,393	1,601	1,809	1,685
2007	관악구	신림1동	남자	2,404	2,419	814	795	708	820	882	804
2007	관악구	신림1동	여자	2,452	2,521	840	859	685	781	927	881
2007	관악구	신림2동	계	6,469	6,772	1,933	2,141	1,809	2,074	2,727	2,557
2007	관악구	신림2동	남자	3,788	3,913	1,077	1,193	1,055	1,192	1,656	1,528
2007	관악구	신림2동	여자	2,681	2,859	856	948	754	882	1,071	1,029
2007	관악구	신림3동	계	3,562	3,464	1,794	1,453	914	886	854	1,125
2007	관악구	신림3동	남자	1,757	1,758	875	731	472	442	410	585
2007	관악구	신림3동	여자	1,805	1,706	919	722	442	444	444	540
2007	관악구	신림4동	계	6,047	6,566	1,769	1,758	2,113	2,493	2,165	2,315
2007	관악구	신림4동	남자	3,009	3,302	900	865	1,035	1,237	1,074	1,200
2007	관악구	신림4동	여자	3,038	3,264	869	893	1,078	1,256	1,091	1,115
2007	관악구	신림5동	계	5,769	5,994	1,390	1,660	1,690	2,158	2,689	2,176
2007	관악구	신림5동	남자	2,868	2,978	692	841	861	1,081	1,315	1,056
2007	관악구	신림5동	여자	2,901	3,016	698	819	829	1,077	1,374	1,120
2007	관악구	신림6동	계	2,028	2,034	878	836	485	485	665	713
2007	관악구	신림6동	남자	1,040	1,009	456	406	252	244	332	359
2007	관악구	신림6동	여자	988	1,025	422	430	233	241	333	354
2007	관악구	신림7동	계	3,908	2,484	1,070	719	1,561	769	1,277	996
2007	관악구	신림7동	남자	1,904	1,210	524	356	770	383	610	471
2007	관악구	신림7동	여자	2,004	1,274	546	363	791	386	667	525
2007	관악구	신림8동	계	3,900	4,869	871	1,105	1,614	2,199	1,415	1,565
2007	관악구	신림8동	남자	2,004	2,514	445	557	810	1,139	749	818
2007	관악구	신림8동	여자	1,896	2,355	426	548	804	1,060	666	747
2007	관악구	신림9동	계	6,721	6,667	1,427	1,682	1,845	1,980	3,449	3,005
2007	관악구	신림9동	남자	4,433	4,237	868	997	1,160	1,209	2,405	2,031
2007	관악구	신림9동	여자	2,288	2,430	559	685	685	771	1,044	974
2007	관악구	신림10동	계	3,092	3,251	1,108	1,071	998	1,010	986	1,170
2007	관악구	신림10동	남자	1,518	1,606	562	541	476	497	480	568
2007	관악구	신림10동	여자	1,574	1,645	546	530	522	513	506	602
2007	관악구	신림11동	계	3,130	3,274	1,217	1,152	1,043	1,119	870	1,003
2007	관악구	신림11동	남자	1,542	1,652	610	580	525	557	407	515
2007	관악구	신림11동	여자	1,588	1,622	607	572	518	562	463	488
2007	관악구	신림12동	계	3,548	3,971	1,662	1,614	980	1,141	906	1,216
2007	관악구	신림12동	남자	1,803	1,990	853	800	496	576	454	614
2007	관악구	신림12동	여자	1,745	1,981	809	814	484	565	452	602
2007	관악구	신림13동	계	2,851	3,144	1,307	1,305	771	850	773	989
2007	관악구	신림13동	남자	1,443	1,598	665	648	405	443	373	507
2007	관악구	신림13동	여자	1,408	1,546	642	657	366	407	400	482
2007	서초구	소계	계	83,626	87,971	21,154	21,154	35,668	38,985	26,804	27,832
2007	서초구	소계	남자	40,253	42,766	9,998	9,998	17,258	18,980	12,997	13,788
2007	서초구	소계	여자	43,373	45,205	11,156	11,156	18,410	20,005	13,807	14,044
2007	서초구	서초1동	계	4,847	4,771	1,364	1,169	1,805	1,984	1,678	1,618
2007	서초구	서초1동	남자	2,300	2,372	614	562	872	980	814	830
2007	서초구	서초1동	여자	2,547	2,399	750	607	933	1,004	864	788
2007	서초구	서초2동	계	4,459	4,539	1,092	953	1,813	2,133	1,554	1,453
2007	서초구	서초2동	남자	2,148	2,273	527	475	865	1,077	756	721
2007	서초구	서초2동	여자	2,311	2,266	565	478	948	1,056	798	732
2007	서초구	서초3동	계	6,619	6,638	1,460	1,499	2,778	2,815	2,381	2,324
2007	서초구	서초3동	남자	3,339	3,401	717	737	1,393	1,486	1,229	1,178
2007	서초구	서초3동	여자	3,280	3,237	743	762	1,385	1,329	1,152	1,146
2007	서초구	서초4동	계	4,822	4,801	1,425	1,209	1,912	2,149	1,485	1,443
2007	서초구	서초4동	남자	2,305	2,338	682	555	909	1,037	714	746
2007	서초구	서초4동	여자	2,517	2,463	743	654	1,003	1,112	771	697
2007	서초구	잠원동	계	6,824	6,756	1,554	1,281	3,177	3,390	2,093	2,085
2007	서초구	잠원동	남자	3,294	3,136	708	581	1,586	1,594	1,000	961
2007	서초구	잠원동	여자	3,530	3,620	846	700	1,591	1,796	1,093	1,124
2007	서초구	반포본동	계	2,374	2,539	656	778	1,101	1,196	617	565
2007	서초구	반포본동	남자	1,073	1,145	291	347	511	541	271	257
2007	서초구	반포본동	여자	1,301	1,394	365	431	590	655	346	308
2007	서초구	반포1동	계	4,676	8,027	755	2,437	2,108	3,493	1,813	2,097
2007	서초구	반포1동	남자	2,234	3,823	369	1,139	970	1,660	895	1,024
2007	서초구	반포1동	여자	2,442	4,204	386	1,298	1,138	1,833	918	1,073
2007	서초구	반포2동	계	2,070	2,408	684	806	884	1,024	502	578
2007	서초구	반포2동	남자	987	1,133	319	362	433	493	235	278
2007	서초구	반포2동	여자	1,083	1,275	365	444	451	531	267	300
2007	서초구	반포3동	계	4,056	4,571	1,285	1,314	1,630	2,037	1,141	1,220
2007	서초구	반포3동	남자	1,842	2,126	579	595	746	969	517	562
2007	서초구	반포3동	여자	2,214	2,445	706	719	884	1,068	624	658
2007	서초구	반포4동	계	4,267	3,936	1,621	1,156	1,509	1,607	1,137	1,173
2007	서초구	반포4동	남자	2,004	1,858	745	532	718	739	541	587
2007	서초구	반포4동	여자	2,263	2,078	876	624	791	868	596	586
2007	서초구	방배본동	계	4,799	3,986	1,667	1,104	1,984	1,769	1,148	1,113
2007	서초구	방배본동	남자	2,244	1,887	757	516	929	840	558	531
2007	서초구	방배본동	여자	2,555	2,099	910	588	1,055	929	590	582
2007	서초구	방배1동	계	3,934	4,330	1,192	1,281	1,586	1,823	1,156	1,226
2007	서초구	방배1동	남자	1,894	2,198	581	640	771	923	542	635
2007	서초구	방배1동	여자	2,040	2,132	611	641	815	900	614	591
2007	서초구	방배2동	계	6,696	7,007	1,422	1,450	3,132	3,296	2,142	2,261
2007	서초구	방배2동	남자	3,220	3,372	662	673	1,516	1,568	1,042	1,131
2007	서초구	방배2동	여자	3,476	3,635	760	777	1,616	1,728	1,100	1,130
2007	서초구	방배3동	계	4,881	4,943	1,359	1,279	2,111	2,107	1,411	1,557
2007	서초구	방배3동	남자	2,383	2,424	653	613	1,032	1,066	698	745
2007	서초구	방배3동	여자	2,498	2,519	706	666	1,079	1,041	713	812
2007	서초구	방배4동	계	6,136	5,935	1,822	1,755	2,721	2,537	1,593	1,643
2007	서초구	방배4동	남자	2,833	2,780	868	811	1,234	1,175	731	794
2007	서초구	방배4동	여자	3,303	3,155	954	944	1,487	1,362	862	849
2007	서초구	양재1동	계	5,346	5,730	797	744	2,473	2,633	2,076	2,353
2007	서초구	양재1동	남자	2,653	2,889	406	374	1,235	1,324	1,012	1,191
2007	서초구	양재1동	여자	2,693	2,841	391	370	1,238	1,309	1,064	1,162
2007	서초구	양재2동	계	5,538	5,465	764	584	2,499	2,509	2,275	2,372
2007	서초구	양재2동	남자	2,825	2,780	389	307	1,300	1,247	1,136	1,226
2007	서초구	양재2동	여자	2,713	2,685	375	277	1,199	1,262	1,139	1,146
2007	서초구	내곡동	계	1,282	1,589	235	355	445	483	602	751
2007	서초구	내곡동	남자	675	831	131	179	238	261	306	391
2007	서초구	내곡동	여자	607	758	104	176	207	222	296	360
2007	강남구	소계	계	128,375	126,813	37,352	37,352	48,074	49,427	42,949	40,034
2007	강남구	소계	남자	61,525	61,873	17,657	17,657	23,355	24,499	20,513	19,717
2007	강남구	소계	여자	66,850	64,940	19,695	19,695	24,719	24,928	22,436	20,317
2007	강남구	신사동	계	4,212	4,855	763	1,084	1,964	2,351	1,485	1,420
2007	강남구	신사동	남자	1,938	2,253	367	489	882	1,093	689	671
2007	강남구	신사동	여자	2,274	2,602	396	595	1,082	1,258	796	749
2007	강남구	논현1동	계	8,354	8,584	1,699	1,680	3,260	3,828	3,395	3,076
2007	강남구	논현1동	남자	3,996	4,148	780	744	1,575	1,910	1,641	1,494
2007	강남구	논현1동	여자	4,358	4,436	919	936	1,685	1,918	1,754	1,582
2007	강남구	논현2동	계	6,380	6,761	1,865	2,144	2,335	2,489	2,180	2,128
2007	강남구	논현2동	남자	2,992	3,254	852	977	1,115	1,248	1,025	1,029
2007	강남구	논현2동	여자	3,388	3,507	1,013	1,167	1,220	1,241	1,155	1,099
2007	강남구	압구정1동	계	2,926	3,206	909	931	1,275	1,463	742	812
2007	강남구	압구정1동	남자	1,353	1,572	392	450	607	734	354	388
2007	강남구	압구정1동	여자	1,573	1,634	517	481	668	729	388	424
2007	강남구	압구정2동	계	2,028	2,324	548	763	893	930	587	631
2007	강남구	압구정2동	남자	930	1,102	237	358	405	452	288	292
2007	강남구	압구정2동	여자	1,098	1,222	311	405	488	478	299	339
2007	강남구	청담1동	계	3,080	3,524	1,001	1,197	1,181	1,398	898	929
2007	강남구	청담1동	남자	1,476	1,731	483	585	550	698	443	448
2007	강남구	청담1동	여자	1,604	1,793	518	612	631	700	455	481
2007	강남구	청담2동	계	3,376	3,395	1,219	1,276	1,197	1,169	960	950
2007	강남구	청담2동	남자	1,594	1,620	565	579	580	579	449	462
2007	강남구	청담2동	여자	1,782	1,775	654	697	617	590	511	488
2007	강남구	삼성1동	계	3,523	3,417	1,145	1,065	1,320	1,467	1,058	885
2007	강남구	삼성1동	남자	1,762	1,684	549	499	676	720	537	465
2007	강남구	삼성1동	여자	1,761	1,733	596	566	644	747	521	420
2007	강남구	삼성2동	계	8,825	6,287	3,012	2,144	3,411	2,372	2,402	1,771
2007	강남구	삼성2동	남자	4,135	3,093	1,363	1,042	1,651	1,203	1,121	848
2007	강남구	삼성2동	여자	4,690	3,194	1,649	1,102	1,760	1,169	1,281	923
2007	강남구	대치1동	계	6,418	3,885	2,285	1,669	2,459	1,288	1,674	928
2007	강남구	대치1동	남자	3,151	1,906	1,114	805	1,206	637	831	464
2007	강남구	대치1동	여자	3,267	1,979	1,171	864	1,253	651	843	464
2007	강남구	대치2동	계	4,762	4,805	1,464	1,685	1,762	1,905	1,536	1,215
2007	강남구	대치2동	남자	2,385	2,387	718	833	908	937	759	617
2007	강남구	대치2동	여자	2,377	2,418	746	852	854	968	777	598
2007	강남구	대치3동	계	3,858	3,717	1,407	1,289	1,274	1,360	1,177	1,068
2007	강남구	대치3동	남자	1,942	1,853	708	643	667	683	567	527
2007	강남구	대치3동	여자	1,916	1,864	699	646	607	677	610	541
2007	강남구	대치4동	계	7,292	6,921	2,257	2,067	2,201	2,540	2,834	2,314
2007	강남구	대치4동	남자	3,475	3,337	1,043	952	1,080	1,231	1,352	1,154
2007	강남구	대치4동	여자	3,817	3,584	1,214	1,115	1,121	1,309	1,482	1,160
2007	강남구	역삼1동	계	13,047	12,528	2,817	2,733	4,966	5,217	5,264	4,578
2007	강남구	역삼1동	남자	6,222	6,124	1,295	1,199	2,409	2,645	2,518	2,280
2007	강남구	역삼1동	여자	6,825	6,404	1,522	1,534	2,557	2,572	2,746	2,298
2007	강남구	역삼2동	계	8,822	9,152	2,808	3,281	3,197	3,211	2,817	2,660
2007	강남구	역삼2동	남자	4,122	4,399	1,275	1,526	1,546	1,557	1,301	1,316
2007	강남구	역삼2동	여자	4,700	4,753	1,533	1,755	1,651	1,654	1,516	1,344
2007	강남구	도곡1동	계	5,033	4,123	1,467	1,110	2,095	1,654	1,471	1,359
2007	강남구	도곡1동	남자	2,421	2,008	713	520	986	815	722	673
2007	강남구	도곡1동	여자	2,612	2,115	754	590	1,109	839	749	686
2007	강남구	도곡2동	계	5,485	5,837	1,697	2,073	1,969	2,106	1,819	1,658
2007	강남구	도곡2동	남자	2,630	2,844	798	999	947	1,004	885	841
2007	강남구	도곡2동	여자	2,855	2,993	899	1,074	1,022	1,102	934	817
2007	강남구	개포1동	계	4,184	4,548	1,434	1,727	1,319	1,346	1,431	1,475
2007	강남구	개포1동	남자	2,017	2,157	686	804	646	643	685	710
2007	강남구	개포1동	여자	2,167	2,391	748	923	673	703	746	765
2007	강남구	개포2동	계	4,580	4,705	1,700	1,609	1,367	1,603	1,513	1,493
2007	강남구	개포2동	남자	2,198	2,318	818	765	679	817	701	736
2007	강남구	개포2동	여자	2,382	2,387	882	844	688	786	812	757
2007	강남구	개포3동	계	3,701	4,199	986	1,312	1,443	1,470	1,272	1,417
2007	강남구	개포3동	남자	1,742	2,058	473	655	684	748	585	655
2007	강남구	개포3동	여자	1,959	2,141	513	657	759	722	687	762
2007	강남구	개포4동	계	5,188	5,180	1,132	1,018	2,145	2,131	1,911	2,031
2007	강남구	개포4동	남자	2,588	2,662	559	510	1,075	1,116	954	1,036
2007	강남구	개포4동	여자	2,600	2,518	573	508	1,070	1,015	957	995
2007	강남구	일원본동	계	3,184	3,498	879	927	1,240	1,478	1,065	1,093
2007	강남구	일원본동	남자	1,499	1,699	420	453	603	731	476	515
2007	강남구	일원본동	여자	1,685	1,799	459	474	637	747	589	578
2007	강남구	일원1동	계	3,331	3,560	856	690	1,155	1,450	1,320	1,420
2007	강남구	일원1동	남자	1,664	1,789	441	346	599	720	624	723
2007	강남구	일원1동	여자	1,667	1,771	415	344	556	730	696	697
2007	강남구	일원2동	계	3,288	3,547	1,122	1,093	1,173	1,397	993	1,057
2007	강남구	일원2동	남자	1,577	1,787	569	547	560	706	448	534
2007	강남구	일원2동	여자	1,711	1,760	553	546	613	691	545	523
2007	강남구	수서동	계	2,686	3,153	707	615	1,189	1,435	790	1,103
2007	강남구	수서동	남자	1,305	1,531	358	290	578	692	369	549
2007	강남구	수서동	여자	1,381	1,622	349	325	611	743	421	554
2007	강남구	세곡동	계	812	1,102	173	170	284	369	355	563
2007	강남구	세곡동	남자	411	557	81	87	141	180	189	290
2007	강남구	세곡동	여자	401	545	92	83	143	189	166	273
2007	송파구	소계	계	140,657	127,675	48,045	48,045	49,727	38,008	42,885	41,622
2007	송파구	소계	남자	68,795	63,342	23,551	23,551	24,364	18,904	20,880	20,887
2007	송파구	소계	여자	71,862	64,333	24,494	24,494	25,363	19,104	22,005	20,735
2007	송파구	풍납1동	계	3,439	4,194	768	844	1,455	1,934	1,216	1,416
2007	송파구	풍납1동	남자	1,665	2,058	373	406	706	946	586	706
2007	송파구	풍납1동	여자	1,774	2,136	395	438	749	988	630	710
2007	송파구	풍납2동	계	5,236	5,953	1,114	1,448	2,173	2,518	1,949	1,987
2007	송파구	풍납2동	남자	2,497	2,934	540	708	1,077	1,250	880	976
2007	송파구	풍납2동	여자	2,739	3,019	574	740	1,096	1,268	1,069	1,011
2007	송파구	거여1동	계	3,220	3,485	1,488	1,609	711	793	1,021	1,083
2007	송파구	거여1동	남자	1,623	1,719	760	800	359	394	504	525
2007	송파구	거여1동	여자	1,597	1,766	728	809	352	399	517	558
2007	송파구	거여2동	계	5,232	5,775	1,896	2,120	1,366	1,512	1,970	2,143
2007	송파구	거여2동	남자	2,638	2,947	983	1,105	678	757	977	1,085
2007	송파구	거여2동	여자	2,594	2,828	913	1,015	688	755	993	1,058
2007	송파구	마천1동	계	3,414	3,847	1,497	1,671	871	911	1,046	1,265
2007	송파구	마천1동	남자	1,719	1,935	780	866	414	441	525	628
2007	송파구	마천1동	여자	1,695	1,912	717	805	457	470	521	637
2007	송파구	마천2동	계	3,981	4,530	1,859	2,009	1,002	1,059	1,120	1,462
2007	송파구	마천2동	남자	1,993	2,290	954	1,028	499	517	540	745
2007	송파구	마천2동	여자	1,988	2,240	905	981	503	542	580	717
2007	송파구	방이1동	계	3,864	3,857	1,664	1,777	1,217	1,007	983	1,073
2007	송파구	방이1동	남자	1,911	1,894	802	855	616	513	493	526
2007	송파구	방이1동	여자	1,953	1,963	862	922	601	494	490	547
2007	송파구	방이2동	계	6,184	6,688	2,099	2,275	1,969	2,033	2,116	2,380
2007	송파구	방이2동	남자	3,022	3,332	1,015	1,111	958	1,003	1,049	1,218
2007	송파구	방이2동	여자	3,162	3,356	1,084	1,164	1,011	1,030	1,067	1,162
2007	송파구	오륜동	계	3,045	2,981	815	1,009	1,378	1,220	852	752
2007	송파구	오륜동	남자	1,451	1,453	404	489	655	573	392	391
2007	송파구	오륜동	여자	1,594	1,528	411	520	723	647	460	361
2007	송파구	오금동	계	7,132	7,638	2,767	3,115	2,165	2,084	2,200	2,439
2007	송파구	오금동	남자	3,603	3,786	1,385	1,489	1,095	1,046	1,123	1,251
2007	송파구	오금동	여자	3,529	3,852	1,382	1,626	1,070	1,038	1,077	1,188
2007	송파구	송파1동	계	6,517	6,879	2,143	2,680	2,159	1,930	2,215	2,269
2007	송파구	송파1동	남자	3,179	3,427	1,046	1,343	1,039	967	1,094	1,117
2007	송파구	송파1동	여자	3,338	3,452	1,097	1,337	1,120	963	1,121	1,152
2007	송파구	송파2동	계	4,085	4,251	1,696	1,871	1,274	1,187	1,115	1,193
2007	송파구	송파2동	남자	1,982	2,057	808	889	638	585	536	583
2007	송파구	송파2동	여자	2,103	2,194	888	982	636	602	579	610
2007	송파구	석촌동	계	8,838	9,432	2,838	3,408	2,918	2,680	3,082	3,344
2007	송파구	석촌동	남자	4,367	4,720	1,420	1,649	1,452	1,383	1,495	1,688
2007	송파구	석촌동	여자	4,471	4,712	1,418	1,759	1,466	1,297	1,587	1,656
2007	송파구	삼전동	계	8,525	9,424	2,373	3,276	3,192	2,838	2,960	3,310
2007	송파구	삼전동	남자	4,111	4,700	1,148	1,599	1,554	1,430	1,409	1,671
2007	송파구	삼전동	여자	4,414	4,724	1,225	1,677	1,638	1,408	1,551	1,639
2007	송파구	가락본동	계	6,049	6,075	2,111	2,348	1,944	1,630	1,994	2,097
2007	송파구	가락본동	남자	3,070	3,074	1,072	1,191	975	838	1,023	1,045
2007	송파구	가락본동	여자	2,979	3,001	1,039	1,157	969	792	971	1,052
2007	송파구	가락1동	계	4,132	4,820	1,431	2,039	1,313	1,323	1,388	1,458
2007	송파구	가락1동	남자	1,979	2,340	676	994	633	647	670	699
2007	송파구	가락1동	여자	2,153	2,480	755	1,045	680	676	718	759
2007	송파구	가락2동	계	7,092	6,001	3,155	2,508	2,059	1,599	1,878	1,894
2007	송파구	가락2동	남자	3,519	3,037	1,558	1,248	1,001	825	960	964
2007	송파구	가락2동	여자	3,573	2,964	1,597	1,260	1,058	774	918	930
2007	송파구	문정1동	계	5,004	4,940	1,950	2,086	1,448	1,215	1,606	1,639
2007	송파구	문정1동	남자	2,457	2,516	983	1,034	718	610	756	872
2007	송파구	문정1동	여자	2,547	2,424	967	1,052	730	605	850	767
2007	송파구	문정2동	계	2,187	2,397	586	716	901	891	700	790
2007	송파구	문정2동	남자	1,030	1,158	269	340	410	412	351	406
2007	송파구	문정2동	여자	1,157	1,239	317	376	491	479	349	384
2007	송파구	장지동	계	6,905	4,824	2,839	1,879	2,298	1,139	1,768	1,806
2007	송파구	장지동	남자	3,397	2,445	1,397	940	1,083	597	917	908
2007	송파구	장지동	여자	3,508	2,379	1,442	939	1,215	542	851	898
2007	송파구	잠실본동	계	7,557	8,267	1,715	2,640	3,007	2,790	2,835	2,837
2007	송파구	잠실본동	남자	3,593	4,036	807	1,261	1,457	1,344	1,329	1,431
2007	송파구	잠실본동	여자	3,964	4,231	908	1,379	1,550	1,446	1,506	1,406
2007	송파구	잠실1동	계	-	70	-	25	-	28	-	17
2007	송파구	잠실1동	남자	-	35	-	16	-	12	-	7
2007	송파구	잠실1동	여자	-	35	-	9	-	16	-	10
2007	송파구	잠실2동	계	-	21	-	5	-	10	-	6
2007	송파구	잠실2동	남자	-	14	-	4	-	5	-	5
2007	송파구	잠실2동	여자	-	7	-	1	-	5	-	1
2007	송파구	잠실3동	계	20,014	1,907	6,783	562	9,072	757	4,159	588
2007	송파구	잠실3동	남자	9,692	889	3,258	263	4,473	362	1,961	264
2007	송파구	잠실3동	여자	10,322	1,018	3,525	299	4,599	395	2,198	324
2007	송파구	잠실4동	계	1,594	1,802	535	744	570	548	489	510
2007	송파구	잠실4동	남자	761	885	238	360	290	275	233	250
2007	송파구	잠실4동	여자	833	917	297	384	280	273	256	260
2007	송파구	잠실5동	계	3,076	3,366	843	1,854	1,317	747	916	765
2007	송파구	잠실5동	남자	1,454	1,613	368	858	638	369	448	386
2007	송파구	잠실5동	여자	1,622	1,753	475	996	679	378	468	379
2007	송파구	잠실6동	계	2,946	2,661	764	984	1,303	951	879	726
2007	송파구	잠실6동	남자	1,438	1,306	357	460	653	484	428	362
2007	송파구	잠실6동	여자	1,508	1,355	407	524	650	467	451	364
2007	송파구	잠실7동	계	1,389	1,590	316	543	645	674	428	373
2007	송파구	잠실7동	남자	644	742	150	245	293	319	201	178
2007	송파구	잠실7동	여자	745	848	166	298	352	355	227	195
2007	강동구	소계	계	96,963	96,902	39,287	39,287	29,274	25,493	28,402	32,122
2007	강동구	소계	남자	48,233	48,521	19,593	19,593	14,679	12,698	13,961	16,230
2007	강동구	소계	여자	48,730	48,381	19,694	19,694	14,595	12,795	14,441	15,892
2007	강동구	강일동	계	91	358	36	209	31	49	24	100
2007	강동구	강일동	남자	39	210	15	118	13	30	11	62
2007	강동구	강일동	여자	52	148	21	91	18	19	13	38
2007	강동구	상일동	계	4,663	5,346	1,633	1,891	1,184	1,243	1,846	2,212
2007	강동구	상일동	남자	2,302	2,689	824	940	583	607	895	1,142
2007	강동구	상일동	여자	2,361	2,657	809	951	601	636	951	1,070
2007	강동구	명일1동	계	5,413	5,791	2,625	2,826	1,274	1,270	1,514	1,695
2007	강동구	명일1동	남자	2,644	2,853	1,309	1,373	607	628	728	852
2007	강동구	명일1동	여자	2,769	2,938	1,316	1,453	667	642	786	843
2007	강동구	명일2동	계	2,898	3,187	1,399	1,312	641	911	858	964
2007	강동구	명일2동	남자	1,407	1,601	677	657	312	464	418	480
2007	강동구	명일2동	여자	1,491	1,586	722	655	329	447	440	484
2007	강동구	고덕1동	계	3,903	4,299	1,397	1,779	1,277	988	1,229	1,532
2007	강동구	고덕1동	남자	1,895	2,132	672	864	629	478	594	790
2007	강동구	고덕1동	여자	2,008	2,167	725	915	648	510	635	742
2007	강동구	고덕2동	계	3,382	3,941	1,349	1,598	884	836	1,149	1,507
2007	강동구	고덕2동	남자	1,732	1,982	684	804	464	408	584	770
2007	강동구	고덕2동	여자	1,650	1,959	665	794	420	428	565	737
2007	강동구	암사1동	계	5,203	5,601	2,478	2,709	1,305	1,175	1,420	1,717
2007	강동구	암사1동	남자	2,574	2,817	1,219	1,357	631	596	724	864
2007	강동구	암사1동	여자	2,629	2,784	1,259	1,352	674	579	696	853
2007	강동구	암사2동	계	3,381	3,640	1,324	1,570	1,133	1,001	924	1,069
2007	강동구	암사2동	남자	1,676	1,819	665	805	566	493	445	521
2007	강동구	암사2동	여자	1,705	1,821	659	765	567	508	479	548
2007	강동구	암사3동	계	1,577	1,684	801	881	402	330	374	473
2007	강동구	암사3동	남자	786	850	399	438	209	174	178	238
2007	강동구	암사3동	여자	791	834	402	443	193	156	196	235
2007	강동구	암사4동	계	7,399	2,783	3,864	1,447	2,128	545	1,407	791
2007	강동구	암사4동	남자	3,617	1,361	1,884	697	1,054	276	679	388
2007	강동구	암사4동	여자	3,782	1,422	1,980	750	1,074	269	728	403
2007	강동구	천호1동	계	7,209	7,206	3,565	3,319	1,599	1,499	2,045	2,388
2007	강동구	천호1동	남자	3,640	3,589	1,789	1,626	822	762	1,029	1,201
2007	강동구	천호1동	여자	3,569	3,617	1,776	1,693	777	737	1,016	1,187
2007	강동구	천호2동	계	4,374	3,750	1,345	1,406	1,607	1,090	1,422	1,254
2007	강동구	천호2동	남자	2,177	1,852	679	708	804	523	694	621
2007	강동구	천호2동	여자	2,197	1,898	666	698	803	567	728	633
2007	강동구	천호3동	계	6,790	6,675	2,577	2,646	2,115	1,787	2,098	2,242
2007	강동구	천호3동	남자	3,441	3,354	1,321	1,335	1,076	921	1,044	1,098
2007	강동구	천호3동	여자	3,349	3,321	1,256	1,311	1,039	866	1,054	1,144
2007	강동구	천호4동	계	4,702	5,055	2,151	2,265	1,221	1,115	1,330	1,675
2007	강동구	천호4동	남자	2,353	2,587	1,077	1,155	633	578	643	854
2007	강동구	천호4동	여자	2,349	2,468	1,074	1,110	588	537	687	821
2007	강동구	성내1동	계	4,623	4,852	1,446	1,563	1,935	1,781	1,242	1,508
2007	강동구	성내1동	남자	2,304	2,417	725	803	975	847	604	767
2007	강동구	성내1동	여자	2,319	2,435	721	760	960	934	638	741
2007	강동구	성내2동	계	6,080	6,545	1,798	2,261	2,318	2,133	1,964	2,151
2007	강동구	성내2동	남자	3,005	3,264	876	1,116	1,182	1,053	947	1,095
2007	강동구	성내2동	여자	3,075	3,281	922	1,145	1,136	1,080	1,017	1,056
2007	강동구	성내3동	계	5,698	5,938	2,062	2,175	1,917	1,660	1,719	2,103
2007	강동구	성내3동	남자	2,849	2,977	1,036	1,062	941	820	872	1,095
2007	강동구	성내3동	여자	2,849	2,961	1,026	1,113	976	840	847	1,008
2007	강동구	길1동	계	5,957	5,746	2,453	2,328	1,928	1,444	1,576	1,974
2007	강동구	길1동	남자	2,961	2,899	1,236	1,195	950	727	775	977
2007	강동구	길1동	여자	2,996	2,847	1,217	1,133	978	717	801	997
2007	강동구	길2동	계	5,149	5,493	2,261	2,331	1,387	1,357	1,501	1,805
2007	강동구	길2동	남자	2,584	2,715	1,141	1,145	692	647	751	923
2007	강동구	길2동	여자	2,565	2,778	1,120	1,186	695	710	750	882
2007	강동구	둔촌1동	계	3,575	3,935	847	972	1,556	1,770	1,172	1,193
2007	강동구	둔촌1동	남자	1,822	2,048	425	499	800	923	597	626
2007	강동구	둔촌1동	여자	1,753	1,887	422	473	756	847	575	567
2007	강동구	둔촌2동	계	4,896	5,077	1,876	1,799	1,432	1,509	1,588	1,769
2007	강동구	둔촌2동	남자	2,425	2,505	940	896	736	743	749	866
2007	강동구	둔촌2동	여자	2,471	2,572	936	903	696	766	839	903