기간	자치구	동	구분	구분	구분	구분	구분	구분	구분	구분
기간	자치구	동	총전입(⑦=①+③+⑤)	총전출(⑧=②+④+⑥)	구내이동	구내이동	구간이동	구간이동	시ㆍ도간이동	시ㆍ도간이동
기간	자치구	동	총전입(⑦=①+③+⑤)	총전출(⑧=②+④+⑥)	전입(①)	전출(②)	전입(③)	전출(④)	전입(⑤)	전출(⑥)
2015	합계	합계	1,589,431	1,726,687	524,267	524,267	605,262	605,262	459,902	597,158
2015	종로구	소계	24,951	27,470	4,617	4,617	11,846	14,426	8,488	8,427
2015	종로구	사직동	1,708	1,840	294	364	967	1,030	447	446
2015	종로구	삼청동	341	448	69	131	161	197	111	120
2015	종로구	부암동	1,600	1,781	447	387	752	925	401	469
2015	종로구	평창동	2,615	2,923	426	410	1,469	1,637	720	876
2015	종로구	무악동	1,529	1,388	215	155	980	860	334	373
2015	종로구	교남동	782	905	181	113	341	450	260	342
2015	종로구	가회동	541	788	91	143	263	392	187	253
2015	종로구	종로1.2.3.4가동	1,872	1,922	184	287	821	960	867	675
2015	종로구	종로5·6가동	1,129	1,142	175	272	410	492	544	378
2015	종로구	이화동	1,563	1,723	258	266	642	902	663	555
2015	종로구	창신1동	815	1,041	263	319	331	471	221	251
2015	종로구	창신2동	943	1,321	273	332	404	637	266	352
2015	종로구	창신3동	1,113	1,313	317	290	562	678	234	345
2015	종로구	숭인1동	1,198	1,355	386	331	545	665	267	359
2015	종로구	숭인2동	1,968	2,091	252	154	982	1,304	734	633
2015	종로구	청운효자동	1,969	2,232	452	479	893	1,043	624	710
2015	종로구	혜화동	3,265	3,257	334	184	1,323	1,783	1,608	1,290
2015	중구	소계	20,078	22,950	4,070	4,070	10,073	12,126	5,935	6,754
2015	중구	소공동	312	354	18	11	174	251	120	92
2015	중구	회현동	935	1,151	67	88	564	765	304	298
2015	중구	명동	471	556	43	55	264	283	164	218
2015	중구	필동	752	914	120	131	345	460	287	323
2015	중구	장충동	1,001	1,156	187	238	256	463	558	455
2015	중구	광희동	781	974	161	211	343	457	277	306
2015	중구	을지로동	351	415	35	42	199	217	117	156
2015	중구	신당5동	1,606	1,990	515	480	745	1,037	346	473
2015	중구	황학동	2,359	2,477	303	312	1,356	1,467	700	698
2015	중구	중림동	1,402	2,049	45	53	908	1,444	449	552
2015	중구	신당동	1,717	1,522	452	402	789	615	476	505
2015	중구	다산동	2,288	2,641	611	632	1,007	1,175	670	834
2015	중구	약수동	2,380	2,645	418	418	1,304	1,386	658	841
2015	중구	청구동	2,214	2,308	578	500	1,121	1,228	515	580
2015	중구	동화동	1,509	1,798	517	497	698	878	294	423
2015	용산구	소계	37,064	41,361	9,049	9,049	16,549	18,532	11,466	13,780
2015	용산구	후암동	2,594	2,782	804	635	998	1,168	792	979
2015	용산구	용산2가동	1,550	1,870	488	487	562	716	500	667
2015	용산구	남영동	1,864	1,845	404	419	806	839	654	587
2015	용산구	원효로2동	2,178	2,237	720	458	927	1,083	531	696
2015	용산구	효창동	1,403	2,921	410	1,034	659	1,299	334	588
2015	용산구	용문동	2,041	2,125	827	531	719	973	495	621
2015	용산구	이촌1동	4,109	3,431	730	653	2,384	1,700	995	1,078
2015	용산구	이촌2동	1,450	1,665	481	400	628	648	341	617
2015	용산구	이태원1동	1,206	1,597	315	523	505	564	386	510
2015	용산구	이태원2동	1,361	1,945	332	566	619	740	410	639
2015	용산구	서빙고동	2,437	2,556	496	435	856	974	1,085	1,147
2015	용산구	보광동	2,160	2,704	627	543	829	1,144	704	1,017
2015	용산구	청파동	3,494	4,102	563	508	1,566	2,113	1,365	1,481
2015	용산구	원효로1동	3,288	2,785	838	671	1,515	1,223	935	891
2015	용산구	한강로동	2,681	2,962	538	653	1,276	1,364	867	945
2015	용산구	한남동	3,248	3,834	476	533	1,700	1,984	1,072	1,317
2015	성동구	소계	48,105	49,091	12,008	12,008	23,324	21,935	12,773	15,148
2015	성동구	왕십리2동	2,296	2,665	751	853	986	1,075	559	737
2015	성동구	마장동	3,588	3,874	856	900	1,491	1,713	1,241	1,261
2015	성동구	사근동	2,628	2,400	410	509	826	881	1,392	1,010
2015	성동구	행당1동	2,259	2,745	768	996	858	1,036	633	713
2015	성동구	행당2동	3,273	3,762	896	1,075	1,562	1,632	815	1,055
2015	성동구	응봉동	2,405	2,663	849	795	1,017	1,084	539	784
2015	성동구	금호1가동	1,747	2,155	678	752	701	782	368	621
2015	성동구	금호4가동	2,225	2,606	706	806	1,041	1,115	478	685
2015	성동구	성수1가1동	2,628	2,938	804	819	1,172	1,207	652	912
2015	성동구	성수1가2동	2,568	3,322	617	845	1,116	1,396	835	1,081
2015	성동구	성수2가1동	2,586	3,125	600	665	1,235	1,473	751	987
2015	성동구	성수2가3동	2,151	2,402	510	526	961	1,123	680	753
2015	성동구	송정동	1,725	2,018	239	193	1,087	1,148	399	677
2015	성동구	용답동	2,310	2,526	277	146	1,332	1,560	701	820
2015	성동구	왕십리도선동	7,012	2,418	1,719	498	4,200	1,148	1,093	772
2015	성동구	금호2.3가동	3,063	3,346	883	917	1,486	1,376	694	1,053
2015	성동구	옥수동	3,641	4,126	445	713	2,253	2,186	943	1,227
2015	광진구	소계	58,871	63,920	18,401	18,401	22,949	23,570	17,521	21,949
2015	광진구	화양동	5,481	5,535	633	1,028	1,798	2,255	3,050	2,252
2015	광진구	군자동	3,553	4,042	840	907	1,533	1,732	1,180	1,403
2015	광진구	중곡1동	2,968	3,202	994	1,120	1,268	1,173	706	909
2015	광진구	중곡2동	3,993	4,159	1,555	1,513	1,506	1,424	932	1,222
2015	광진구	중곡3동	3,118	3,574	974	937	1,478	1,633	666	1,004
2015	광진구	중곡4동	4,943	4,942	1,994	1,534	1,843	1,762	1,106	1,646
2015	광진구	능동	2,484	2,336	732	614	1,043	889	709	833
2015	광진구	구의1동	4,668	4,569	1,546	1,374	1,615	1,577	1,507	1,618
2015	광진구	구의2동	3,448	4,207	1,367	1,483	1,228	1,279	853	1,445
2015	광진구	구의3동	4,589	4,731	1,597	1,304	1,736	1,745	1,256	1,682
2015	광진구	광장동	4,250	4,724	919	1,008	2,008	1,844	1,323	1,872
2015	광진구	자양1동	4,198	4,533	1,739	1,825	1,303	1,215	1,156	1,493
2015	광진구	자양2동	3,829	4,650	1,552	1,442	1,320	1,485	957	1,723
2015	광진구	자양3동	4,187	4,628	1,248	1,169	1,888	1,941	1,051	1,518
2015	광진구	자양4동	3,162	4,088	711	1,143	1,382	1,616	1,069	1,329
2015	동대문구	소계	55,990	60,917	17,367	17,367	22,257	23,826	16,366	19,724
2015	동대문구	회기동	2,125	2,452	536	617	621	848	968	987
2015	동대문구	휘경1동	2,492	4,198	798	1,592	736	1,464	958	1,142
2015	동대문구	휘경2동	3,912	4,210	1,287	1,176	1,194	1,455	1,431	1,579
2015	동대문구	청량리동	2,838	3,248	951	870	1,122	1,278	765	1,100
2015	동대문구	용신동	5,705	5,331	1,046	881	2,851	2,636	1,808	1,814
2015	동대문구	제기동	4,176	4,549	952	986	1,803	2,061	1,421	1,502
2015	동대문구	전농1동	4,386	5,304	1,550	1,811	1,560	1,861	1,276	1,632
2015	동대문구	전농2동	2,732	2,965	1,253	1,147	953	974	526	844
2015	동대문구	답십리1동	4,723	4,369	1,310	1,515	2,225	1,623	1,188	1,231
2015	동대문구	답십리2동	3,624	4,328	1,518	1,603	1,387	1,550	719	1,175
2015	동대문구	장안1동	6,277	6,048	1,864	1,708	2,911	2,413	1,502	1,927
2015	동대문구	장안2동	5,116	5,690	2,151	1,867	1,945	2,015	1,020	1,808
2015	동대문구	이문1동	4,864	5,154	1,417	1,132	1,425	2,094	2,022	1,928
2015	동대문구	이문2동	3,020	3,071	734	462	1,524	1,554	762	1,055
2015	중랑구	소계	64,638	71,284	27,773	27,773	22,351	20,339	14,514	23,172
2015	중랑구	면목2동	4,078	4,579	1,804	1,859	1,359	1,306	915	1,414
2015	중랑구	면목4동	4,299	3,767	1,212	1,040	2,218	1,487	869	1,240
2015	중랑구	면목5동	1,617	3,636	704	2,007	565	887	348	742
2015	중랑구	면목7동	3,725	4,703	1,450	1,976	1,520	1,483	755	1,244
2015	중랑구	상봉1동	3,519	4,020	1,756	1,734	978	933	785	1,353
2015	중랑구	상봉2동	3,969	3,864	1,584	1,531	1,350	989	1,035	1,344
2015	중랑구	중화1동	3,577	3,704	1,745	1,568	1,156	993	676	1,143
2015	중랑구	중화2동	4,304	4,967	1,742	1,914	1,554	1,469	1,008	1,584
2015	중랑구	묵1동	5,094	5,659	1,737	1,583	2,110	2,125	1,247	1,951
2015	중랑구	묵2동	3,695	3,728	1,447	1,341	1,531	1,244	717	1,143
2015	중랑구	망우3동	3,093	3,542	1,693	1,666	741	707	659	1,169
2015	중랑구	신내1동	4,752	4,959	2,202	1,757	1,549	1,380	1,001	1,822
2015	중랑구	신내2동	3,122	3,523	1,335	1,266	996	1,031	791	1,226
2015	중랑구	면목본동	6,197	6,417	2,839	2,587	1,976	1,744	1,382	2,086
2015	중랑구	면목3.8동	4,743	4,952	2,331	2,189	1,445	1,273	967	1,490
2015	중랑구	망우본동	4,854	5,264	2,192	1,755	1,303	1,288	1,359	2,221
2015	성북구	소계	66,804	76,213	22,463	22,463	26,805	31,240	17,536	22,510
2015	성북구	돈암1동	3,257	2,405	1,376	862	1,212	807	669	736
2015	성북구	돈암2동	3,380	3,432	1,188	1,254	1,553	1,279	639	899
2015	성북구	안암동	3,213	3,538	575	756	1,156	1,512	1,482	1,270
2015	성북구	보문동	2,390	2,576	616	667	1,178	1,218	596	691
2015	성북구	정릉1동	2,755	3,666	1,402	1,731	819	978	534	957
2015	성북구	정릉2동	4,332	3,734	2,254	1,717	1,283	994	795	1,023
2015	성북구	정릉3동	2,656	2,913	896	931	799	914	961	1,068
2015	성북구	정릉4동	3,628	3,708	1,420	1,076	1,351	1,442	857	1,190
2015	성북구	길음1동	5,212	5,450	1,476	1,378	2,518	2,423	1,218	1,649
2015	성북구	길음2동	2,076	3,221	671	822	959	1,599	446	800
2015	성북구	월곡1동	3,414	3,626	1,085	894	1,544	1,635	785	1,097
2015	성북구	월곡2동	3,155	3,318	1,110	988	1,111	1,287	934	1,043
2015	성북구	장위1동	2,759	3,686	1,216	1,039	1,007	1,540	536	1,107
2015	성북구	장위2동	2,642	3,193	1,389	1,147	760	1,226	493	820
2015	성북구	장위3동	1,708	5,093	510	1,769	837	2,359	361	965
2015	성북구	성북동	2,771	3,110	710	866	1,193	1,245	868	999
2015	성북구	삼선동	4,081	4,596	1,166	1,336	1,629	1,908	1,286	1,352
2015	성북구	동선동	3,688	3,611	1,109	1,246	1,148	1,268	1,431	1,097
2015	성북구	종암동	5,246	5,762	1,261	1,244	2,475	2,569	1,510	1,949
2015	성북구	석관동	4,441	5,575	1,033	740	2,273	3,037	1,135	1,798
2015	강북구	소계	47,491	52,240	17,050	17,050	20,125	20,424	10,316	14,766
2015	강북구	번1동	3,663	3,811	1,008	934	1,686	1,689	969	1,188
2015	강북구	번2동	2,333	2,538	911	946	965	836	457	756
2015	강북구	번3동	2,067	2,466	557	468	1,126	1,179	384	819
2015	강북구	수유1동	3,519	3,720	1,576	1,505	1,245	1,212	698	1,003
2015	강북구	수유2동	3,230	3,580	1,347	1,202	1,244	1,470	639	908
2015	강북구	수유3동	4,532	4,604	1,523	1,483	1,881	1,840	1,128	1,281
2015	강북구	삼양동	4,339	4,618	1,878	1,769	1,582	1,587	879	1,262
2015	강북구	미아동	3,967	4,275	1,554	1,743	1,523	1,545	890	987
2015	강북구	송중동	3,851	5,257	1,028	1,651	1,806	2,137	1,017	1,469
2015	강북구	송천동	4,161	4,696	1,560	1,712	1,780	1,723	821	1,261
2015	강북구	삼각산동	3,991	4,463	962	824	2,138	2,171	891	1,468
2015	강북구	우이동	3,444	3,262	1,261	856	1,534	1,394	649	1,012
2015	강북구	인수동	4,394	4,950	1,885	1,957	1,615	1,641	894	1,352
2015	도봉구	소계	48,961	52,460	17,450	17,450	20,163	17,754	11,348	17,256
2015	도봉구	쌍문1동	3,303	3,378	801	767	1,875	1,578	627	1,033
2015	도봉구	쌍문2동	3,379	3,382	1,578	1,418	1,141	1,011	660	953
2015	도봉구	쌍문3동	2,820	3,044	890	1,076	1,317	1,092	613	876
2015	도봉구	쌍문4동	2,837	3,060	1,410	1,334	891	851	536	875
2015	도봉구	방학1동	5,060	5,049	2,102	1,935	1,738	1,433	1,220	1,681
2015	도봉구	방학2동	3,221	3,550	1,361	1,534	1,085	918	775	1,098
2015	도봉구	방학3동	3,668	4,101	1,651	1,599	1,242	1,186	775	1,316
2015	도봉구	창1동	3,600	4,054	1,248	1,361	1,527	1,406	825	1,287
2015	도봉구	창2동	4,345	4,519	1,456	1,441	1,999	1,726	890	1,352
2015	도봉구	창3동	2,361	2,472	575	745	1,384	1,032	402	695
2015	도봉구	창4동	3,386	3,893	837	763	1,606	1,669	943	1,461
2015	도봉구	창5동	3,589	3,987	1,330	1,229	1,397	1,419	862	1,339
2015	도봉구	도봉1동	3,366	3,540	1,161	1,089	1,203	957	1,002	1,494
2015	도봉구	도봉2동	4,026	4,431	1,050	1,159	1,758	1,476	1,218	1,796
2015	노원구	소계	73,528	83,672	26,191	26,191	26,958	26,038	20,379	31,443
2015	노원구	월계1동	3,356	3,413	575	628	1,691	1,370	1,090	1,415
2015	노원구	월계2동	2,895	3,799	567	713	1,708	1,745	620	1,341
2015	노원구	월계3동	3,990	4,683	984	1,085	2,006	1,816	1,000	1,782
2015	노원구	공릉2동	6,080	7,111	1,446	1,497	2,147	2,275	2,487	3,339
2015	노원구	하계1동	3,656	3,998	1,516	1,311	1,242	1,289	898	1,398
2015	노원구	하계2동	2,847	3,127	1,299	1,105	991	961	557	1,061
2015	노원구	중계본동	3,448	4,006	1,309	1,336	1,177	1,341	962	1,329
2015	노원구	중계1동	3,900	4,228	1,619	1,846	1,320	1,262	961	1,120
2015	노원구	중계4동	3,001	3,172	1,609	1,300	792	845	600	1,027
2015	노원구	상계1동	5,162	5,657	1,700	1,368	1,876	1,837	1,586	2,452
2015	노원구	상계2동	3,516	3,767	1,839	1,625	838	992	839	1,150
2015	노원구	상계5동	3,864	4,164	2,014	1,732	994	935	856	1,497
2015	노원구	상계8동	3,710	4,372	1,257	1,396	1,475	1,185	978	1,791
2015	노원구	상계9동	3,153	3,638	1,489	1,602	877	787	787	1,249
2015	노원구	상계10동	2,870	3,365	1,144	1,375	993	895	733	1,095
2015	노원구	상계3.4동	3,473	4,191	1,240	1,208	1,113	1,084	1,120	1,899
2015	노원구	상계6.7동	4,628	5,415	1,589	1,659	1,774	1,712	1,265	2,044
2015	노원구	중계2.3동	4,178	4,993	1,559	1,696	1,582	1,453	1,037	1,844
2015	노원구	공릉1동	5,801	6,573	1,436	1,709	2,362	2,254	2,003	2,610
2015	은평구	소계	82,375	85,329	34,346	34,346	27,880	20,433	20,149	30,550
2015	은평구	녹번동	7,496	6,440	3,111	2,788	2,906	1,576	1,479	2,076
2015	은평구	불광1동	6,704	7,477	2,585	3,043	2,500	1,811	1,619	2,623
2015	은평구	갈현1동	4,034	4,257	1,693	1,764	1,145	817	1,196	1,676
2015	은평구	갈현2동	5,362	5,206	2,772	2,208	1,368	1,044	1,222	1,954
2015	은평구	구산동	5,739	5,174	2,926	2,079	1,595	1,039	1,218	2,056
2015	은평구	대조동	6,405	6,176	2,800	2,826	1,880	1,187	1,725	2,163
2015	은평구	응암1동	5,380	5,326	2,347	2,247	1,749	1,332	1,284	1,747
2015	은평구	응암2동	3,147	5,362	1,196	2,537	1,153	1,358	798	1,467
2015	은평구	신사1동	4,688	4,634	2,369	2,101	1,387	1,074	932	1,459
2015	은평구	신사2동	3,499	3,689	1,432	1,572	1,255	864	812	1,253
2015	은평구	증산동	2,715	3,282	763	890	1,319	1,278	633	1,114
2015	은평구	수색동	1,980	4,047	394	1,186	889	1,355	697	1,506
2015	은평구	진관동	7,195	5,787	1,839	966	2,878	1,703	2,478	3,118
2015	은평구	불광2동	4,770	4,968	2,085	2,118	1,457	932	1,228	1,918
2015	은평구	응암3동	4,500	4,900	1,747	1,995	1,714	1,418	1,039	1,487
2015	은평구	역촌동	8,761	8,604	4,287	4,026	2,685	1,645	1,789	2,933
2015	서대문구	소계	55,729	55,165	15,178	15,178	24,763	22,764	15,788	17,223
2015	서대문구	천연동	2,941	3,193	520	530	1,450	1,652	971	1,011
2015	서대문구	홍제1동	3,277	5,503	1,086	1,796	1,343	2,298	848	1,409
2015	서대문구	홍제3동	2,629	2,980	1,089	888	936	1,152	604	940
2015	서대문구	홍제2동	2,226	2,378	818	594	876	1,028	532	756
2015	서대문구	홍은1동	2,944	3,763	902	1,020	1,272	1,526	770	1,217
2015	서대문구	홍은2동	4,705	4,883	1,932	1,532	1,691	1,736	1,082	1,615
2015	서대문구	남가좌1동	7,964	615	2,688	192	3,992	247	1,284	176
2015	서대문구	남가좌2동	3,758	5,970	1,228	2,545	1,394	1,933	1,136	1,492
2015	서대문구	북가좌1동	3,341	3,653	848	1,446	1,736	1,249	757	958
2015	서대문구	북가좌2동	5,607	5,400	1,682	1,429	2,799	2,348	1,126	1,623
2015	서대문구	충현동	2,793	3,127	461	631	1,381	1,521	951	975
2015	서대문구	북아현동	2,462	1,865	444	319	1,376	919	642	627
2015	서대문구	신촌동	5,064	4,955	397	572	1,922	2,320	2,745	2,063
2015	서대문구	연희동	6,018	6,880	1,083	1,684	2,595	2,835	2,340	2,361
2015	마포구	소계	71,484	72,254	20,023	20,023	30,118	29,185	21,343	23,046
2015	마포구	용강동	4,864	3,268	1,550	1,020	2,161	1,215	1,153	1,033
2015	마포구	대흥동	2,791	4,730	634	1,387	926	1,975	1,231	1,368
2015	마포구	염리동	2,787	2,680	1,077	885	961	1,016	749	779
2015	마포구	신수동	3,375	4,845	1,193	1,756	1,200	1,774	982	1,315
2015	마포구	서교동	5,436	6,861	1,354	2,111	1,951	2,599	2,131	2,151
2015	마포구	합정동	4,357	4,269	1,468	1,279	1,521	1,544	1,368	1,446
2015	마포구	망원1동	3,701	4,639	1,611	1,708	1,146	1,570	944	1,361
2015	마포구	망원2동	3,099	3,513	1,464	1,194	885	1,243	750	1,076
2015	마포구	연남동	3,284	3,999	905	1,036	1,307	1,767	1,072	1,196
2015	마포구	성산1동	3,708	3,836	1,645	1,246	1,079	1,332	984	1,258
2015	마포구	성산2동	5,303	5,809	1,302	999	2,238	2,638	1,763	2,172
2015	마포구	상암동	4,683	4,453	842	588	2,122	2,039	1,719	1,826
2015	마포구	도화동	3,597	3,889	610	930	1,950	1,741	1,037	1,218
2015	마포구	서강동	5,268	5,147	1,461	1,454	2,037	1,993	1,770	1,700
2015	마포구	공덕동	8,509	6,185	1,581	1,321	4,857	3,000	2,071	1,864
2015	마포구	아현동	6,722	4,131	1,326	1,109	3,777	1,739	1,619	1,283
2015	양천구	소계	66,589	70,624	21,529	21,529	27,206	25,927	17,854	23,168
2015	양천구	목1동	4,779	4,378	1,567	1,298	2,124	1,796	1,088	1,284
2015	양천구	목2동	5,394	5,078	1,568	1,132	2,495	2,229	1,331	1,717
2015	양천구	목3동	3,752	4,757	915	1,188	1,896	2,200	941	1,369
2015	양천구	목4동	4,160	4,523	1,429	1,456	1,769	1,749	962	1,318
2015	양천구	신월1동	3,348	3,918	744	988	1,608	1,615	996	1,315
2015	양천구	신월2동	3,568	3,317	1,620	1,227	1,134	904	814	1,186
2015	양천구	신월3동	3,662	2,737	991	718	1,403	908	1,268	1,111
2015	양천구	신월4동	2,839	2,716	1,452	1,143	705	691	682	882
2015	양천구	신월5동	2,662	2,647	551	577	1,391	1,159	720	911
2015	양천구	신월6동	1,426	1,852	660	824	333	451	433	577
2015	양천구	신월7동	3,129	3,405	1,054	1,197	1,074	799	1,001	1,409
2015	양천구	신정1동	2,081	2,453	863	1,065	742	781	476	607
2015	양천구	신정2동	2,849	3,063	1,037	1,045	1,034	1,153	778	865
2015	양천구	신정3동	6,015	7,036	2,011	2,153	2,295	2,290	1,709	2,593
2015	양천구	신정6동	3,087	3,440	1,230	1,314	1,090	1,141	767	985
2015	양천구	신정7동	3,623	4,141	1,201	1,159	1,477	1,630	945	1,352
2015	양천구	목5동	4,899	5,285	1,034	1,429	2,546	2,347	1,319	1,509
2015	양천구	신정4동	5,316	5,878	1,602	1,616	2,090	2,084	1,624	2,178
2015	강서구	소계	94,604	94,501	33,798	33,798	33,645	25,985	27,161	34,718
2015	강서구	염창동	5,414	6,024	1,406	1,591	2,483	2,240	1,525	2,193
2015	강서구	등촌1동	4,585	5,025	1,352	1,936	1,629	1,334	1,604	1,755
2015	강서구	등촌2동	3,598	3,808	858	985	1,876	1,609	864	1,214
2015	강서구	등촌3동	4,076	4,704	1,383	1,559	1,507	1,366	1,186	1,779
2015	강서구	화곡본동	6,229	6,544	2,108	2,551	2,408	1,612	1,713	2,381
2015	강서구	화곡2동	3,510	3,781	1,348	1,492	1,398	1,082	764	1,207
2015	강서구	화곡3동	3,552	3,808	1,499	1,504	1,163	1,097	890	1,207
2015	강서구	화곡4동	3,655	3,599	1,172	1,154	1,578	1,207	905	1,238
2015	강서구	화곡6동	4,530	4,740	1,730	1,721	1,501	1,211	1,299	1,808
2015	강서구	화곡8동	4,416	4,941	1,621	1,888	1,720	1,371	1,075	1,682
2015	강서구	가양1동	4,948	3,773	1,595	1,381	1,636	956	1,717	1,436
2015	강서구	가양2동	2,082	2,382	624	892	843	627	615	863
2015	강서구	가양3동	2,292	2,669	693	977	939	709	660	983
2015	강서구	발산1동	5,625	5,197	2,721	1,971	1,526	1,296	1,378	1,930
2015	강서구	공항동	3,387	3,844	1,140	1,310	924	866	1,323	1,668
2015	강서구	방화1동	7,078	5,765	3,157	2,386	1,876	1,079	2,045	2,300
2015	강서구	방화2동	4,004	4,195	1,689	1,712	813	720	1,502	1,763
2015	강서구	방화3동	3,646	3,864	1,538	1,590	956	827	1,152	1,447
2015	강서구	화곡1동	10,003	9,652	2,557	2,610	4,415	3,354	3,031	3,688
2015	강서구	우장산동	7,974	6,186	3,607	2,588	2,454	1,422	1,913	2,176
2015	구로구	소계	57,099	64,052	16,414	16,414	19,681	19,671	21,004	27,967
2015	구로구	신도림동	4,953	4,924	1,046	650	2,338	2,189	1,569	2,085
2015	구로구	구로1동	2,403	2,717	481	446	1,022	958	900	1,313
2015	구로구	구로3동	5,146	5,901	1,028	961	1,918	2,365	2,200	2,575
2015	구로구	구로4동	3,485	4,680	1,097	1,463	1,310	1,479	1,078	1,738
2015	구로구	구로5동	5,206	5,920	1,083	1,261	2,109	2,187	2,014	2,472
2015	구로구	고척1동	3,238	3,400	1,263	1,009	990	1,056	985	1,335
2015	구로구	고척2동	3,894	4,362	1,410	1,481	1,414	1,370	1,070	1,511
2015	구로구	개봉2동	4,257	4,718	1,405	1,231	1,155	1,205	1,697	2,282
2015	구로구	개봉3동	2,921	2,908	951	929	655	545	1,315	1,434
2015	구로구	오류1동	3,767	3,863	1,081	1,218	1,099	802	1,587	1,843
2015	구로구	오류2동	5,391	5,362	1,447	1,171	1,715	1,265	2,229	2,926
2015	구로구	수궁동	3,195	3,450	815	769	970	849	1,410	1,832
2015	구로구	가리봉동	1,318	2,141	281	556	607	819	430	766
2015	구로구	구로2동	3,360	4,830	1,161	1,533	1,046	1,349	1,153	1,948
2015	구로구	개봉1동	4,565	4,876	1,865	1,736	1,333	1,233	1,367	1,907
2015	금천구	소계	34,056	37,303	11,341	11,341	10,463	9,633	12,252	16,329
2015	금천구	가산동	4,603	4,514	615	730	1,677	1,627	2,311	2,157
2015	금천구	독산1동	5,823	6,353	1,051	1,164	1,790	1,696	2,982	3,493
2015	금천구	독산2동	3,064	3,329	1,511	1,436	772	664	781	1,229
2015	금천구	독산3동	3,480	3,881	833	1,100	1,650	1,384	997	1,397
2015	금천구	독산4동	2,316	2,741	1,074	1,221	658	590	584	930
2015	금천구	시흥1동	4,933	5,379	1,959	1,841	1,309	1,150	1,665	2,388
2015	금천구	시흥2동	2,508	2,925	890	697	829	926	789	1,302
2015	금천구	시흥3동	1,574	1,729	556	447	395	318	623	964
2015	금천구	시흥4동	2,910	3,204	1,431	1,337	724	665	755	1,202
2015	금천구	시흥5동	2,845	3,248	1,421	1,368	659	613	765	1,267
2015	영등포구	소계	58,936	65,678	14,054	14,054	24,161	27,347	20,721	24,277
2015	영등포구	여의동	4,051	4,205	344	256	2,341	2,467	1,366	1,482
2015	영등포구	당산1동	3,982	3,914	1,101	1,080	1,575	1,506	1,306	1,328
2015	영등포구	당산2동	6,630	6,378	1,135	1,088	2,823	2,929	2,672	2,361
2015	영등포구	양평1동	3,260	3,185	764	731	1,382	1,348	1,114	1,106
2015	영등포구	양평2동	3,508	3,576	558	599	1,628	1,576	1,322	1,401
2015	영등포구	신길1동	3,231	3,774	856	879	1,135	1,382	1,240	1,513
2015	영등포구	신길3동	1,769	2,552	749	1,000	582	747	438	805
2015	영등포구	신길4동	1,389	1,645	620	597	425	514	344	534
2015	영등포구	신길5동	2,011	2,326	921	742	552	753	538	831
2015	영등포구	신길6동	3,208	3,624	780	684	1,519	1,782	909	1,158
2015	영등포구	신길7동	3,084	3,430	433	622	1,015	1,154	1,636	1,654
2015	영등포구	대림1동	2,194	2,796	735	690	829	1,107	630	999
2015	영등포구	대림2동	1,764	3,027	337	613	852	1,408	575	1,006
2015	영등포구	대림3동	3,477	4,528	1,034	824	1,429	2,045	1,014	1,659
2015	영등포구	영등포본동	3,097	3,692	954	987	1,103	1,355	1,040	1,350
2015	영등포구	영등포동	4,617	4,716	785	1,017	1,721	1,854	2,111	1,845
2015	영등포구	도림동	3,240	3,465	917	768	1,251	1,376	1,072	1,321
2015	영등포구	문래동	4,424	4,845	1,031	877	1,999	2,044	1,394	1,924
2015	동작구	소계	66,694	76,096	17,787	17,787	27,910	31,565	20,997	26,744
2015	동작구	노량진2동	2,312	2,643	622	719	715	831	975	1,093
2015	동작구	상도1동	8,401	8,648	1,897	1,564	3,385	3,865	3,119	3,219
2015	동작구	상도2동	4,379	5,613	1,674	2,010	1,454	1,950	1,251	1,653
2015	동작구	상도3동	4,273	4,333	1,888	1,493	1,363	1,411	1,022	1,429
2015	동작구	상도4동	4,618	4,736	1,876	1,638	1,636	1,492	1,106	1,606
2015	동작구	사당1동	4,967	5,097	948	681	2,414	2,495	1,605	1,921
2015	동작구	사당3동	3,750	5,259	1,054	1,499	1,660	2,182	1,036	1,578
2015	동작구	사당4동	2,990	2,889	1,136	864	1,136	1,100	718	925
2015	동작구	사당5동	2,325	3,779	719	1,197	938	1,516	668	1,066
2015	동작구	대방동	6,498	6,533	1,553	1,289	2,810	2,796	2,135	2,448
2015	동작구	신대방1동	3,184	3,807	378	349	1,918	2,175	888	1,283
2015	동작구	신대방2동	3,966	3,947	1,037	971	1,651	1,582	1,278	1,394
2015	동작구	흑석동	4,364	7,270	663	1,628	2,172	3,220	1,529	2,422
2015	동작구	노량진1동	5,899	6,159	1,545	1,184	2,003	2,169	2,351	2,806
2015	동작구	사당2동	4,768	5,383	797	701	2,655	2,781	1,316	1,901
2015	관악구	소계	94,590	100,724	29,534	29,534	29,383	32,946	35,673	38,244
2015	관악구	보라매동	3,825	4,220	1,430	1,194	1,345	1,537	1,050	1,489
2015	관악구	청림동	2,700	2,573	819	657	1,293	1,088	588	828
2015	관악구	행운동	6,557	6,641	1,848	1,955	2,200	2,175	2,509	2,511
2015	관악구	낙성대동	4,479	4,714	1,352	1,568	1,199	1,385	1,928	1,761
2015	관악구	중앙동	3,323	3,216	1,253	1,205	812	920	1,258	1,091
2015	관악구	인헌동	5,046	5,365	1,381	1,343	1,570	1,898	2,095	2,124
2015	관악구	남현동	4,185	4,090	413	453	1,972	1,823	1,800	1,814
2015	관악구	서원동	5,428	5,628	1,948	1,846	1,470	1,654	2,010	2,128
2015	관악구	신원동	3,633	3,760	1,343	1,325	1,029	1,120	1,261	1,315
2015	관악구	서림동	6,107	5,962	1,928	1,729	1,513	1,770	2,666	2,463
2015	관악구	신사동	4,318	4,888	1,350	1,468	1,354	1,608	1,614	1,812
2015	관악구	신림동	6,236	5,976	1,360	1,497	1,619	2,055	3,257	2,424
2015	관악구	난향동	2,316	2,621	923	712	809	830	584	1,079
2015	관악구	조원동	3,767	3,772	936	815	1,487	1,565	1,344	1,392
2015	관악구	대학동	5,635	5,768	1,166	1,212	1,488	1,748	2,981	2,808
2015	관악구	은천동	5,400	5,643	2,061	1,637	1,769	1,951	1,570	2,055
2015	관악구	성현동	4,259	4,450	1,510	1,129	1,712	1,676	1,037	1,645
2015	관악구	청룡동	6,046	9,591	1,571	3,925	1,539	2,707	2,936	2,959
2015	관악구	난곡동	3,866	4,038	1,857	1,415	984	1,052	1,025	1,571
2015	관악구	삼성동	2,814	3,121	1,126	995	822	842	866	1,284
2015	관악구	미성동	4,650	4,687	1,959	1,454	1,397	1,542	1,294	1,691
2015	서초구	소계	76,543	83,320	22,715	22,715	32,933	34,364	20,895	26,241
2015	서초구	서초1동	4,365	4,585	1,411	1,204	1,499	1,631	1,455	1,750
2015	서초구	서초2동	3,684	5,006	866	1,404	1,608	2,039	1,210	1,563
2015	서초구	서초3동	5,059	5,423	1,414	1,452	1,931	2,038	1,714	1,933
2015	서초구	서초4동	4,383	4,019	1,959	1,080	1,474	1,736	950	1,203
2015	서초구	잠원동	5,064	5,753	1,621	1,287	2,109	2,808	1,334	1,658
2015	서초구	반포본동	1,726	1,968	631	540	793	939	302	489
2015	서초구	반포1동	5,270	8,677	1,244	2,689	2,312	3,792	1,714	2,196
2015	서초구	반포2동	2,480	2,802	974	1,051	980	1,106	526	645
2015	서초구	반포3동	2,390	5,848	930	2,130	889	2,464	571	1,254
2015	서초구	반포4동	3,317	3,467	1,443	1,083	1,068	1,361	806	1,023
2015	서초구	방배본동	3,498	3,833	1,172	1,304	1,615	1,568	711	961
2015	서초구	방배1동	3,412	3,527	1,234	1,111	1,326	1,371	852	1,045
2015	서초구	방배2동	4,482	5,128	1,167	1,134	2,068	2,369	1,247	1,625
2015	서초구	방배3동	3,552	4,600	1,184	1,376	1,465	1,809	903	1,415
2015	서초구	방배4동	5,048	5,011	1,694	1,595	2,193	2,040	1,161	1,376
2015	서초구	양재1동	6,543	6,592	1,169	1,095	3,179	2,638	2,195	2,859
2015	서초구	양재2동	4,516	5,077	621	947	2,139	1,938	1,756	2,192
2015	서초구	내곡동	7,754	2,004	1,981	233	4,285	717	1,488	1,054
2015	강남구	소계	108,537	114,523	34,336	34,336	40,957	41,754	33,244	38,433
2015	강남구	신사동	2,598	3,324	601	818	1,213	1,544	784	962
2015	강남구	논현1동	5,539	6,197	1,145	1,307	2,250	2,656	2,144	2,234
2015	강남구	논현2동	5,507	5,100	1,962	1,540	1,956	1,905	1,589	1,655
2015	강남구	삼성1동	2,669	3,092	998	1,050	949	1,168	722	874
2015	강남구	삼성2동	5,932	7,058	2,124	2,506	2,156	2,566	1,652	1,986
2015	강남구	대치1동	6,502	3,116	2,665	1,514	2,651	887	1,186	715
2015	강남구	대치4동	5,434	6,008	1,674	1,701	1,655	2,156	2,105	2,151
2015	강남구	역삼1동	10,523	10,515	2,199	2,372	3,777	3,919	4,547	4,224
2015	강남구	역삼2동	6,981	7,183	2,289	2,342	2,522	2,441	2,170	2,400
2015	강남구	도곡1동	3,712	4,020	990	1,113	1,663	1,671	1,059	1,236
2015	강남구	도곡2동	5,248	5,831	1,946	2,325	1,949	1,860	1,353	1,646
2015	강남구	개포1동	3,395	3,994	1,953	1,216	727	1,365	715	1,413
2015	강남구	개포4동	3,471	4,689	1,062	1,133	1,311	1,771	1,098	1,785
2015	강남구	일원본동	3,643	3,491	1,195	909	1,413	1,298	1,035	1,284
2015	강남구	일원1동	2,448	2,757	877	658	736	954	835	1,145
2015	강남구	일원2동	2,152	4,175	820	1,684	703	1,285	629	1,206
2015	강남구	수서동	2,098	2,449	639	644	923	881	536	924
2015	강남구	세곡동	11,539	4,414	2,813	523	5,186	1,644	3,540	2,247
2015	강남구	압구정동	3,830	4,163	1,143	1,171	1,719	1,808	968	1,184
2015	강남구	청담동	5,053	5,559	1,961	1,863	1,727	1,969	1,365	1,727
2015	강남구	대치2동	6,428	7,162	2,108	2,154	2,482	2,805	1,838	2,203
2015	강남구	개포2동	3,835	10,226	1,172	3,793	1,289	3,201	1,374	3,232
2015	송파구	소계	101,994	111,346	39,136	39,136	34,340	31,936	28,518	40,274
2015	송파구	풍납1동	2,281	2,709	538	596	1,124	1,048	619	1,065
2015	송파구	풍납2동	3,759	4,788	944	1,072	1,602	1,854	1,213	1,862
2015	송파구	거여1동	2,416	2,725	1,405	1,196	421	520	590	1,009
2015	송파구	거여2동	2,926	6,326	1,256	3,145	762	1,202	908	1,979
2015	송파구	마천1동	3,477	3,455	2,043	1,404	693	761	741	1,290
2015	송파구	마천2동	3,281	3,407	2,086	1,634	518	587	677	1,186
2015	송파구	방이1동	2,610	2,857	1,238	1,143	709	723	663	991
2015	송파구	방이2동	4,872	5,061	1,876	1,717	1,486	1,396	1,510	1,948
2015	송파구	오륜동	2,176	2,401	679	823	915	944	582	634
2015	송파구	오금동	5,429	5,888	2,627	2,308	1,525	1,504	1,277	2,076
2015	송파구	송파1동	5,126	5,570	2,000	2,141	1,629	1,425	1,497	2,004
2015	송파구	송파2동	2,662	3,043	1,243	1,219	718	742	701	1,082
2015	송파구	석촌동	6,104	6,659	2,143	2,380	1,980	1,741	1,981	2,538
2015	송파구	삼전동	5,813	6,359	2,155	1,996	1,889	1,744	1,769	2,619
2015	송파구	가락본동	4,702	5,142	1,806	1,878	1,515	1,401	1,381	1,863
2015	송파구	가락1동	142	418	77	240	30	86	35	92
2015	송파구	가락2동	5,170	5,471	2,437	2,279	1,509	1,277	1,224	1,915
2015	송파구	문정1동	3,539	4,065	1,531	1,621	979	999	1,029	1,445
2015	송파구	문정2동	3,676	3,077	855	739	1,621	1,089	1,200	1,249
2015	송파구	장지동	6,010	5,556	2,202	1,662	2,060	1,453	1,748	2,441
2015	송파구	위례동	2,350	1,405	705	341	864	389	781	675
2015	송파구	잠실본동	5,599	5,907	1,507	1,699	2,206	1,871	1,886	2,337
2015	송파구	잠실4동	4,065	4,400	1,313	1,428	1,746	1,502	1,006	1,470
2015	송파구	잠실6동	2,451	2,655	881	888	958	922	612	845
2015	송파구	잠실7동	1,020	1,139	298	356	502	513	220	270
2015	송파구	잠실2동	5,349	5,410	1,435	1,487	2,440	2,305	1,474	1,618
2015	송파구	잠실3동	4,989	5,453	1,856	1,744	1,939	1,938	1,194	1,771
2015	강동구	소계	73,720	94,194	37,637	37,637	18,422	21,542	17,661	35,015
2015	강동구	강일동	4,046	4,303	2,033	1,015	1,097	986	916	2,302
2015	강동구	상일동	3,766	6,237	2,462	2,273	541	1,128	763	2,836
2015	강동구	명일1동	3,192	7,952	1,885	4,337	580	1,399	727	2,216
2015	강동구	명일2동	2,828	2,996	1,726	1,295	404	684	698	1,017
2015	강동구	고덕1동	2,715	3,086	1,398	1,162	683	630	634	1,294
2015	강동구	고덕2동	1,217	8,985	599	4,956	267	1,459	351	2,570
2015	강동구	암사2동	2,687	2,984	1,258	1,095	847	833	582	1,056
2015	강동구	암사3동	3,094	3,040	1,673	1,253	775	784	646	1,003
2015	강동구	천호1동	5,120	6,151	3,345	3,044	802	1,073	973	2,034
2015	강동구	천호3동	4,978	5,198	2,495	2,256	1,266	1,167	1,217	1,775
2015	강동구	성내1동	3,115	3,327	1,185	1,086	1,148	1,060	782	1,181
2015	강동구	성내2동	4,418	4,971	1,887	1,663	1,340	1,430	1,191	1,878
2015	강동구	성내3동	4,089	4,394	1,817	1,531	1,163	1,175	1,109	1,688
2015	강동구	둔촌1동	2,925	3,309	1,158	854	1,082	1,220	685	1,235
2015	강동구	둔촌2동	4,040	4,593	1,752	1,471	1,176	1,175	1,112	1,947
2015	강동구	암사1동	6,328	7,068	3,683	2,900	1,336	1,461	1,309	2,707
2015	강동구	천호2동	6,468	6,790	2,888	2,450	1,789	1,728	1,791	2,612
2015	강동구	길동	8,694	8,810	4,393	2,996	2,126	2,150	2,175	3,664