기간	자치구	행정동	세대	인구	인구	인구	인구	인구	인구	인구	인구	인구	세대당인구	65세이상고령자
기간	자치구	행정동	세대	합계	합계	합계	한국인	한국인	한국인	외국인	외국인	외국인	세대당인구	65세이상고령자
기간	자치구	행정동	세대	계	남자	여자	계	남자	여자	계	남자	여자	세대당인구	65세이상고령자
2019.2/4	합계	합계	4,304,243	10,041,574	4,899,133	5,142,441	9,757,144	4,762,711	4,994,433	284,430	136,422	148,008	2.27	1,451,564
2019.2/4	종로구	소계	73,828	162,413	78,657	83,756	152,026	74,190	77,836	10,387	4,467	5,920	2.06	27,155
2019.2/4	종로구	사직동	4,552	9,724	4,419	5,305	9,447	4,256	5,191	277	163	114	2.08	1,783
2019.2/4	종로구	삼청동	1,401	3,030	1,446	1,584	2,803	1,335	1,468	227	111	116	2	635
2019.2/4	종로구	부암동	4,287	10,477	4,989	5,488	10,068	4,801	5,267	409	188	221	2.35	1,747
2019.2/4	종로구	평창동	7,495	18,820	8,822	9,998	18,667	8,747	9,920	153	75	78	2.49	3,184
2019.2/4	종로구	무악동	3,155	8,702	4,063	4,639	8,655	4,046	4,609	47	17	30	2.74	1,369
2019.2/4	종로구	교남동	4,574	10,760	4,997	5,763	10,609	4,926	5,683	151	71	80	2.32	1,529
2019.2/4	종로구	가회동	2,042	4,472	2,089	2,383	4,364	2,028	2,336	108	61	47	2.14	910
2019.2/4	종로구	종로1.2.3.4가동	5,290	8,500	4,979	3,521	7,364	4,390	2,974	1,136	589	547	1.39	1,914
2019.2/4	종로구	종로5·6가동	3,174	5,667	3,119	2,548	5,203	2,859	2,344	464	260	204	1.64	1,105
2019.2/4	종로구	이화동	4,509	8,582	3,957	4,625	7,998	3,757	4,241	584	200	384	1.77	1,353
2019.2/4	종로구	창신1동	2,952	6,166	3,312	2,854	5,297	2,859	2,438	869	453	416	1.79	1,190
2019.2/4	종로구	창신2동	4,134	9,874	5,006	4,868	8,652	4,416	4,236	1,222	590	632	2.09	1,695
2019.2/4	종로구	창신3동	2,892	7,354	3,634	3,720	7,183	3,548	3,635	171	86	85	2.48	1,177
2019.2/4	종로구	숭인1동	2,987	6,635	3,260	3,375	6,283	3,100	3,183	352	160	192	2.1	1,177
2019.2/4	종로구	숭인2동	5,766	10,041	5,067	4,974	9,573	4,903	4,670	468	164	304	1.66	1,622
2019.2/4	종로구	청운효자동	5,382	13,144	6,173	6,971	12,889	6,029	6,860	255	144	111	2.39	2,193
2019.2/4	종로구	혜화동	9,236	20,465	9,325	11,140	16,971	8,190	8,781	3,494	1,135	2,359	1.84	2,572
2019.2/4	중구	소계	62,156	136,276	66,919	69,357	126,143	62,086	64,057	10,133	4,833	5,300	2.03	22,749
2019.2/4	중구	소공동	1,107	3,012	1,545	1,467	2,050	1,005	1,045	962	540	422	1.85	286
2019.2/4	중구	회현동	3,213	5,898	3,212	2,686	5,296	2,881	2,415	602	331	271	1.65	1,433
2019.2/4	중구	명동	1,415	3,445	1,516	1,929	2,809	1,176	1,633	636	340	296	1.99	714
2019.2/4	중구	필동	2,303	5,088	2,555	2,533	4,042	2,115	1,927	1,046	440	606	1.76	806
2019.2/4	중구	장충동	2,694	5,668	2,778	2,890	4,728	2,404	2,324	940	374	566	1.76	794
2019.2/4	중구	광희동	2,936	6,247	3,293	2,954	4,959	2,640	2,319	1,288	653	635	1.69	1,159
2019.2/4	중구	을지로동	1,331	1,998	1,201	797	1,802	1,100	702	196	101	95	1.35	473
2019.2/4	중구	신당5동	4,805	10,139	5,005	5,134	9,809	4,856	4,953	330	149	181	2.04	1,590
2019.2/4	중구	황학동	6,739	13,613	6,596	7,017	12,609	6,129	6,480	1,004	467	537	1.87	1,882
2019.2/4	중구	중림동	5,851	13,055	6,559	6,496	12,740	6,386	6,354	315	173	142	2.18	1,985
2019.2/4	중구	신당동	4,425	9,338	4,583	4,755	7,628	3,820	3,808	1,710	763	947	1.72	1,350
2019.2/4	중구	다산동	6,931	15,074	7,304	7,770	14,567	7,096	7,471	507	208	299	2.1	2,493
2019.2/4	중구	약수동	7,777	17,806	8,401	9,405	17,594	8,289	9,305	212	112	100	2.26	3,512
2019.2/4	중구	청구동	6,441	14,732	7,013	7,719	14,525	6,912	7,613	207	101	106	2.26	2,546
2019.2/4	중구	동화동	4,188	11,163	5,358	5,805	10,985	5,277	5,708	178	81	97	2.62	1,726
2019.2/4	용산구	소계	109,692	245,069	119,507	125,562	229,122	110,560	118,562	15,947	8,947	7,000	2.09	38,259
2019.2/4	용산구	후암동	8,557	18,617	9,080	9,537	18,076	8,786	9,290	541	294	247	2.11	2,963
2019.2/4	용산구	용산2가동	5,482	11,897	5,824	6,073	10,571	5,110	5,461	1,326	714	612	1.93	2,056
2019.2/4	용산구	남영동	5,434	8,472	5,101	3,371	7,828	4,792	3,036	644	309	335	1.44	1,580
2019.2/4	용산구	원효로2동	6,019	14,847	6,972	7,875	14,699	6,909	7,790	148	63	85	2.44	2,332
2019.2/4	용산구	효창동	4,041	9,829	4,674	5,155	9,710	4,622	5,088	119	52	67	2.4	1,374
2019.2/4	용산구	용문동	5,376	12,714	6,085	6,629	12,579	6,024	6,555	135	61	74	2.34	1,994
2019.2/4	용산구	이촌1동	10,267	29,215	13,691	15,524	28,268	13,186	15,082	947	505	442	2.75	4,349
2019.2/4	용산구	이촌2동	3,867	9,045	4,247	4,798	8,939	4,203	4,736	106	44	62	2.31	1,727
2019.2/4	용산구	이태원1동	3,785	9,164	4,790	4,374	6,944	3,272	3,672	2,220	1,518	702	1.83	1,549
2019.2/4	용산구	이태원2동	4,903	10,864	5,114	5,750	9,381	4,339	5,042	1,483	775	708	1.91	1,886
2019.2/4	용산구	서빙고동	5,316	14,205	6,872	7,333	13,433	6,480	6,953	772	392	380	2.53	2,066
2019.2/4	용산구	보광동	7,722	16,008	8,080	7,928	14,659	7,189	7,470	1,349	891	458	1.9	2,705
2019.2/4	용산구	청파동	10,678	20,834	9,796	11,038	20,005	9,517	10,488	829	279	550	1.87	3,262
2019.2/4	용산구	원효로1동	7,588	16,313	7,914	8,399	15,688	7,591	8,097	625	323	302	2.07	1,886
2019.2/4	용산구	한강로동	9,613	19,382	9,462	9,920	17,821	8,618	9,203	1,561	844	717	1.85	2,992
2019.2/4	용산구	한남동	11,044	23,663	11,805	11,858	20,521	9,922	10,599	3,142	1,883	1,259	1.86	3,538
2019.2/4	성동구	소계	136,872	312,991	153,027	159,964	304,936	149,412	155,524	8,055	3,615	4,440	2.23	43,370
2019.2/4	성동구	왕십리2동	7,631	17,988	8,734	9,254	17,605	8,566	9,039	383	168	215	2.31	2,451
2019.2/4	성동구	마장동	10,884	24,203	11,879	12,324	23,523	11,616	11,907	680	263	417	2.16	3,597
2019.2/4	성동구	사근동	7,440	13,596	6,737	6,859	11,802	6,073	5,729	1,794	664	1,130	1.59	1,427
2019.2/4	성동구	행당1동	7,322	16,665	8,115	8,550	16,187	7,904	8,283	478	211	267	2.21	2,293
2019.2/4	성동구	행당2동	9,504	24,926	11,713	13,213	24,835	11,674	13,161	91	39	52	2.61	3,506
2019.2/4	성동구	응봉동	6,167	16,268	7,688	8,580	16,203	7,665	8,538	65	23	42	2.63	2,389
2019.2/4	성동구	금호1가동	6,630	16,045	7,686	8,359	15,939	7,637	8,302	106	49	57	2.4	2,338
2019.2/4	성동구	금호4가동	6,497	15,346	7,341	8,005	15,192	7,268	7,924	154	73	81	2.34	2,168
2019.2/4	성동구	성수1가1동	7,650	17,420	8,741	8,679	17,099	8,558	8,541	321	183	138	2.24	2,039
2019.2/4	성동구	성수1가2동	7,047	15,374	7,648	7,726	14,935	7,427	7,508	439	221	218	2.12	1,991
2019.2/4	성동구	성수2가1동	8,604	18,159	9,428	8,731	17,444	9,085	8,359	715	343	372	2.03	2,707
2019.2/4	성동구	성수2가3동	5,680	11,787	6,045	5,742	11,439	5,849	5,590	348	196	152	2.01	1,723
2019.2/4	성동구	송정동	5,580	11,632	6,163	5,469	11,150	5,924	5,226	482	239	243	2	1,638
2019.2/4	성동구	용답동	7,126	13,980	7,371	6,609	12,975	6,896	6,079	1,005	475	530	1.82	2,170
2019.2/4	성동구	왕십리도선동	11,774	27,885	13,296	14,589	27,379	13,072	14,307	506	224	282	2.33	3,433
2019.2/4	성동구	금호2.3가동	10,347	24,369	11,600	12,769	24,162	11,511	12,651	207	89	118	2.34	3,747
2019.2/4	성동구	옥수동	10,989	27,348	12,842	14,506	27,067	12,687	14,380	281	155	126	2.46	3,753
2019.2/4	광진구	소계	163,914	369,470	178,493	190,977	353,878	171,800	182,078	15,592	6,693	8,899	2.16	46,773
2019.2/4	광진구	화양동	15,930	25,314	11,627	13,687	21,908	10,485	11,423	3,406	1,142	2,264	1.38	2,221
2019.2/4	광진구	군자동	10,565	22,084	10,855	11,229	19,962	9,874	10,088	2,122	981	1,141	1.89	2,786
2019.2/4	광진구	중곡1동	8,031	16,510	8,121	8,389	16,056	7,920	8,136	454	201	253	2	2,316
2019.2/4	광진구	중곡2동	10,342	22,606	10,876	11,730	22,259	10,723	11,536	347	153	194	2.15	2,960
2019.2/4	광진구	중곡3동	8,492	17,567	8,691	8,876	17,318	8,598	8,720	249	93	156	2.04	2,585
2019.2/4	광진구	중곡4동	13,222	30,792	15,141	15,651	30,402	14,983	15,419	390	158	232	2.3	4,576
2019.2/4	광진구	능동	6,227	11,887	5,492	6,395	11,543	5,324	6,219	344	168	176	1.85	1,500
2019.2/4	광진구	구의1동	11,718	23,191	11,094	12,097	22,454	10,746	11,708	737	348	389	1.92	2,921
2019.2/4	광진구	구의2동	11,623	28,140	13,607	14,533	27,702	13,410	14,292	438	197	241	2.38	3,950
2019.2/4	광진구	구의3동	12,172	30,289	14,419	15,870	29,972	14,281	15,691	317	138	179	2.46	3,632
2019.2/4	광진구	광장동	12,039	36,171	17,497	18,674	35,994	17,421	18,573	177	76	101	2.99	3,436
2019.2/4	광진구	자양1동	11,463	24,351	11,739	12,612	23,175	11,205	11,970	1,176	534	642	2.02	3,155
2019.2/4	광진구	자양2동	11,244	27,221	13,349	13,872	26,793	13,154	13,639	428	195	233	2.38	3,575
2019.2/4	광진구	자양3동	11,057	29,685	14,288	15,397	29,393	14,160	15,233	292	128	164	2.66	3,656
2019.2/4	광진구	자양4동	9,789	23,662	11,697	11,965	18,947	9,516	9,431	4,715	2,181	2,534	1.94	3,504
2019.2/4	동대문구	소계	162,851	363,101	178,840	184,261	346,501	172,490	174,011	16,600	6,350	10,250	2.13	58,078
2019.2/4	동대문구	회기동	6,002	13,100	5,894	7,206	10,316	4,915	5,401	2,784	979	1,805	1.72	1,476
2019.2/4	동대문구	휘경1동	7,083	15,343	7,446	7,897	13,510	6,748	6,762	1,833	698	1,135	1.91	2,296
2019.2/4	동대문구	휘경2동	11,471	25,178	12,378	12,800	24,529	12,146	12,383	649	232	417	2.14	3,645
2019.2/4	동대문구	청량리동	10,527	22,288	11,162	11,126	21,604	10,840	10,764	684	322	362	2.05	5,141
2019.2/4	동대문구	용신동	16,960	32,062	16,368	15,694	30,594	15,711	14,883	1,468	657	811	1.8	5,387
2019.2/4	동대문구	제기동	13,045	27,738	13,870	13,868	25,219	12,918	12,301	2,519	952	1,567	1.93	5,369
2019.2/4	동대문구	전농1동	14,930	31,141	15,694	15,447	30,611	15,469	15,142	530	225	305	2.05	5,251
2019.2/4	동대문구	전농2동	7,756	20,231	9,654	10,577	19,774	9,497	10,277	457	157	300	2.55	3,414
2019.2/4	동대문구	답십리1동	12,654	29,907	14,536	15,371	29,459	14,334	15,125	448	202	246	2.33	3,799
2019.2/4	동대문구	답십리2동	12,695	30,446	14,919	15,527	30,118	14,771	15,347	328	148	180	2.37	5,149
2019.2/4	동대문구	장안1동	17,430	39,260	19,595	19,665	38,628	19,328	19,300	632	267	365	2.22	5,764
2019.2/4	동대문구	장안2동	13,045	31,816	15,868	15,948	31,517	15,749	15,768	299	119	180	2.42	4,493
2019.2/4	동대문구	이문1동	10,806	23,215	11,068	12,147	19,741	9,887	9,854	3,474	1,181	2,293	1.83	3,323
2019.2/4	동대문구	이문2동	8,447	21,376	10,388	10,988	20,881	10,177	10,704	495	211	284	2.47	3,571
2019.2/4	중랑구	소계	181,383	405,639	200,966	204,673	400,661	198,906	201,755	4,978	2,060	2,918	2.21	63,670
2019.2/4	중랑구	면목2동	12,218	26,260	13,136	13,124	25,907	13,008	12,899	353	128	225	2.12	4,107
2019.2/4	중랑구	면목4동	9,343	20,370	10,094	10,276	20,066	9,972	10,094	304	122	182	2.15	3,473
2019.2/4	중랑구	면목5동	4,579	10,003	5,113	4,890	9,868	5,054	4,814	135	59	76	2.16	1,595
2019.2/4	중랑구	면목7동	10,086	22,054	10,961	11,093	21,749	10,838	10,911	305	123	182	2.16	3,826
2019.2/4	중랑구	상봉1동	10,177	25,583	12,484	13,099	25,431	12,424	13,007	152	60	92	2.5	3,381
2019.2/4	중랑구	상봉2동	10,608	19,494	9,528	9,966	19,160	9,393	9,767	334	135	199	1.81	2,724
2019.2/4	중랑구	중화1동	8,980	20,983	10,321	10,662	20,775	10,227	10,548	208	94	114	2.31	3,120
2019.2/4	중랑구	중화2동	14,409	28,423	14,605	13,818	27,843	14,338	13,505	580	267	313	1.93	4,828
2019.2/4	중랑구	묵1동	14,578	36,120	17,588	18,532	35,946	17,531	18,415	174	57	117	2.47	5,279
2019.2/4	중랑구	묵2동	9,200	20,138	9,911	10,227	19,905	9,822	10,083	233	89	144	2.16	3,167
2019.2/4	중랑구	망우3동	8,482	18,171	9,112	9,059	17,843	8,984	8,859	328	128	200	2.1	3,038
2019.2/4	중랑구	신내1동	14,711	41,005	20,046	20,959	40,856	19,969	20,887	149	77	72	2.78	6,051
2019.2/4	중랑구	신내2동	9,065	22,227	10,652	11,575	22,149	10,627	11,522	78	25	53	2.44	3,563
2019.2/4	중랑구	면목본동	17,588	36,405	18,070	18,335	35,576	17,718	17,858	829	352	477	2.02	5,580
2019.2/4	중랑구	면목3.8동	12,584	26,867	13,388	13,479	26,414	13,196	13,218	453	192	261	2.1	4,549
2019.2/4	중랑구	망우본동	14,775	31,536	15,957	15,579	31,173	15,805	15,368	363	152	211	2.11	5,389
2019.2/4	성북구	소계	190,253	452,292	218,236	234,056	440,397	213,648	226,749	11,895	4,588	7,307	2.31	69,341
2019.2/4	성북구	돈암1동	6,326	16,126	7,524	8,602	16,014	7,484	8,530	112	40	72	2.53	2,696
2019.2/4	성북구	돈암2동	8,573	25,104	11,967	13,137	24,999	11,918	13,081	105	49	56	2.92	3,172
2019.2/4	성북구	안암동	9,065	17,392	8,485	8,907	15,360	7,789	7,571	2,032	696	1,336	1.69	2,112
2019.2/4	성북구	보문동	7,958	16,865	8,151	8,714	16,509	7,997	8,512	356	154	202	2.07	2,329
2019.2/4	성북구	정릉1동	7,426	19,553	9,372	10,181	18,959	9,199	9,760	594	173	421	2.55	2,896
2019.2/4	성북구	정릉2동	9,656	24,093	11,769	12,324	23,799	11,656	12,143	294	113	181	2.46	4,077
2019.2/4	성북구	정릉3동	7,753	17,310	8,629	8,681	15,877	7,945	7,932	1,433	684	749	2.05	3,134
2019.2/4	성북구	정릉4동	11,005	26,995	13,061	13,934	26,629	12,926	13,703	366	135	231	2.42	4,514
2019.2/4	성북구	길음1동	12,867	37,307	17,774	19,533	37,109	17,694	19,415	198	80	118	2.88	4,218
2019.2/4	성북구	길음2동	6,683	16,272	7,932	8,340	16,128	7,866	8,262	144	66	78	2.41	2,302
2019.2/4	성북구	월곡1동	10,767	27,703	13,398	14,305	27,485	13,322	14,163	218	76	142	2.55	4,346
2019.2/4	성북구	월곡2동	9,116	20,631	10,045	10,586	20,068	9,780	10,288	563	265	298	2.2	3,324
2019.2/4	성북구	장위1동	9,026	21,032	10,346	10,686	20,811	10,259	10,552	221	87	134	2.31	3,544
2019.2/4	성북구	장위2동	6,348	14,373	7,169	7,204	14,107	7,043	7,064	266	126	140	2.22	3,045
2019.2/4	성북구	장위3동	4,830	11,811	5,928	5,883	11,621	5,846	5,775	190	82	108	2.41	1,916
2019.2/4	성북구	성북동	8,038	17,739	8,325	9,414	17,189	8,112	9,077	550	213	337	2.14	2,970
2019.2/4	성북구	삼선동	12,683	26,691	12,778	13,913	26,099	12,520	13,579	592	258	334	2.06	4,006
2019.2/4	성북구	동선동	9,038	16,368	6,796	9,572	15,527	6,590	8,937	841	206	635	1.72	2,186
2019.2/4	성북구	종암동	17,141	42,479	20,716	21,763	40,607	20,080	20,527	1,872	636	1,236	2.37	6,216
2019.2/4	성북구	석관동	15,954	36,448	18,071	18,377	35,500	17,622	17,878	948	449	499	2.23	6,338
2019.2/4	강북구	소계	143,650	319,377	155,541	163,836	315,587	154,101	161,486	3,790	1,440	2,350	2.2	59,189
2019.2/4	강북구	번1동	10,277	19,861	9,845	10,016	19,431	9,683	9,748	430	162	268	1.89	3,378
2019.2/4	강북구	번2동	7,611	17,389	8,438	8,951	17,261	8,402	8,859	128	36	92	2.27	3,781
2019.2/4	강북구	번3동	7,616	18,677	8,821	9,856	18,595	8,807	9,788	82	14	68	2.44	4,434
2019.2/4	강북구	수유1동	10,339	22,042	10,883	11,159	21,760	10,787	10,973	282	96	186	2.1	4,101
2019.2/4	강북구	수유2동	9,551	22,142	10,654	11,488	22,001	10,613	11,388	141	41	100	2.3	4,361
2019.2/4	강북구	수유3동	12,674	24,368	12,122	12,246	23,982	11,984	11,998	386	138	248	1.89	4,255
2019.2/4	강북구	삼양동	11,610	26,031	12,926	13,105	25,854	12,860	12,994	177	66	111	2.23	4,642
2019.2/4	강북구	미아동	11,341	23,064	11,025	12,039	22,531	10,814	11,717	533	211	322	1.99	4,143
2019.2/4	강북구	송중동	12,985	29,106	14,018	15,088	28,513	13,765	14,748	593	253	340	2.2	5,402
2019.2/4	강북구	송천동	13,760	29,031	14,404	14,627	28,535	14,187	14,348	496	217	279	2.07	5,674
2019.2/4	강북구	삼각산동	11,813	33,207	15,959	17,248	33,068	15,904	17,164	139	55	84	2.8	4,049
2019.2/4	강북구	우이동	9,477	21,497	10,478	11,019	21,361	10,417	10,944	136	61	75	2.25	4,438
2019.2/4	강북구	인수동	14,596	32,962	15,968	16,994	32,695	15,878	16,817	267	90	177	2.24	6,531
2019.2/4	도봉구	소계	138,460	339,001	165,652	173,349	336,698	164,731	171,967	2,303	921	1,382	2.43	57,367
2019.2/4	도봉구	쌍문1동	9,273	22,474	10,859	11,615	22,221	10,774	11,447	253	85	168	2.4	4,050
2019.2/4	도봉구	쌍문2동	8,631	20,290	9,843	10,447	20,090	9,721	10,369	200	122	78	2.33	3,535
2019.2/4	도봉구	쌍문3동	7,811	17,388	8,369	9,019	17,208	8,304	8,904	180	65	115	2.2	3,201
2019.2/4	도봉구	쌍문4동	7,158	19,941	9,509	10,432	19,894	9,491	10,403	47	18	29	2.78	2,695
2019.2/4	도봉구	방학1동	12,845	30,389	15,031	15,358	30,076	14,918	15,158	313	113	200	2.34	5,181
2019.2/4	도봉구	방학2동	9,538	21,381	10,772	10,609	21,183	10,691	10,492	198	81	117	2.22	3,982
2019.2/4	도봉구	방학3동	10,094	28,964	14,120	14,844	28,890	14,102	14,788	74	18	56	2.86	4,267
2019.2/4	도봉구	창1동	10,958	26,576	12,736	13,840	26,417	12,672	13,745	159	64	95	2.41	4,160
2019.2/4	도봉구	창2동	12,409	31,020	15,218	15,802	30,734	15,096	15,638	286	122	164	2.48	4,662
2019.2/4	도봉구	창3동	6,681	14,991	7,487	7,504	14,887	7,448	7,439	104	39	65	2.23	2,727
2019.2/4	도봉구	창4동	10,615	28,198	13,623	14,575	28,100	13,571	14,529	98	52	46	2.65	3,825
2019.2/4	도봉구	창5동	10,027	25,981	12,542	13,439	25,869	12,503	13,366	112	39	73	2.58	3,918
2019.2/4	도봉구	도봉1동	10,244	22,554	11,364	11,190	22,395	11,307	11,088	159	57	102	2.19	5,280
2019.2/4	도봉구	도봉2동	12,176	28,854	14,179	14,675	28,734	14,133	14,601	120	46	74	2.36	5,884
2019.2/4	노원구	소계	217,462	542,603	262,747	279,856	538,350	260,946	277,404	4,253	1,801	2,452	2.48	79,046
2019.2/4	노원구	월계1동	10,493	24,078	12,416	11,662	23,489	12,124	11,365	589	292	297	2.24	4,042
2019.2/4	노원구	월계2동	11,271	26,403	12,707	13,696	26,256	12,666	13,590	147	41	106	2.33	5,022
2019.2/4	노원구	월계3동	13,009	32,185	15,474	16,711	31,994	15,399	16,595	191	75	116	2.46	5,499
2019.2/4	노원구	공릉2동	16,307	41,310	20,196	21,114	40,742	19,924	20,818	568	272	296	2.5	4,754
2019.2/4	노원구	하계1동	12,413	29,792	14,435	15,357	29,217	14,149	15,068	575	286	289	2.35	3,966
2019.2/4	노원구	하계2동	8,288	23,600	11,277	12,323	23,539	11,256	12,283	61	21	40	2.84	2,925
2019.2/4	노원구	중계본동	9,107	26,404	12,955	13,449	26,331	12,928	13,403	73	27	46	2.89	2,569
2019.2/4	노원구	중계1동	9,100	28,181	13,766	14,415	28,097	13,729	14,368	84	37	47	3.09	2,213
2019.2/4	노원구	중계4동	8,480	21,538	10,469	11,069	21,464	10,448	11,016	74	21	53	2.53	3,722
2019.2/4	노원구	상계1동	15,601	40,580	19,759	20,821	40,408	19,703	20,705	172	56	116	2.59	6,301
2019.2/4	노원구	상계2동	8,769	21,458	10,589	10,869	21,280	10,513	10,767	178	76	102	2.43	3,053
2019.2/4	노원구	상계5동	11,024	25,922	12,629	13,293	25,779	12,580	13,199	143	49	94	2.34	4,743
2019.2/4	노원구	상계8동	9,286	24,202	11,663	12,539	24,149	11,653	12,496	53	10	43	2.6	2,564
2019.2/4	노원구	상계9동	8,471	22,118	10,567	11,551	22,033	10,548	11,485	85	19	66	2.6	3,041
2019.2/4	노원구	상계10동	6,615	16,783	7,758	9,025	16,720	7,729	8,991	63	29	34	2.53	2,072
2019.2/4	노원구	상계3.4동	11,624	26,206	13,041	13,165	26,065	12,997	13,068	141	44	97	2.24	5,583
2019.2/4	노원구	상계6.7동	14,033	35,043	16,333	18,710	34,878	16,271	18,607	165	62	103	2.49	4,451
2019.2/4	노원구	중계2.3동	15,449	37,278	17,353	19,925	37,125	17,293	19,832	153	60	93	2.4	6,768
2019.2/4	노원구	공릉1동	18,122	39,522	19,360	20,162	38,784	19,036	19,748	738	324	414	2.14	5,758
2019.2/4	은평구	소계	207,123	488,285	235,471	252,814	483,730	233,566	250,164	4,555	1,905	2,650	2.34	79,282
2019.2/4	은평구	녹번동	16,862	38,005	18,302	19,703	37,569	18,103	19,466	436	199	237	2.23	6,348
2019.2/4	은평구	불광1동	17,815	41,244	19,596	21,648	40,926	19,464	21,462	318	132	186	2.3	7,222
2019.2/4	은평구	갈현1동	11,188	24,862	12,085	12,777	24,577	11,943	12,634	285	142	143	2.2	4,188
2019.2/4	은평구	갈현2동	12,576	30,354	14,435	15,919	29,980	14,282	15,698	374	153	221	2.38	4,615
2019.2/4	은평구	구산동	13,068	34,024	16,944	17,080	33,778	16,836	16,942	246	108	138	2.58	5,674
2019.2/4	은평구	대조동	15,557	32,022	15,091	16,931	31,609	14,915	16,694	413	176	237	2.03	5,408
2019.2/4	은평구	응암1동	11,344	25,865	12,390	13,475	25,550	12,265	13,285	315	125	190	2.25	3,984
2019.2/4	은평구	응암2동	8,783	22,399	10,954	11,445	22,184	10,863	11,321	215	91	124	2.53	2,954
2019.2/4	은평구	신사1동	11,724	28,794	13,952	14,842	28,551	13,863	14,688	243	89	154	2.44	4,567
2019.2/4	은평구	신사2동	9,207	22,151	11,079	11,072	21,985	11,027	10,958	166	52	114	2.39	3,556
2019.2/4	은평구	증산동	6,949	16,411	8,075	8,336	16,276	8,020	8,256	135	55	80	2.34	2,960
2019.2/4	은평구	수색동	3,966	9,303	4,638	4,665	9,232	4,608	4,624	71	30	41	2.33	1,763
2019.2/4	은평구	진관동	20,954	57,618	27,225	30,393	57,382	27,126	30,256	236	99	137	2.74	7,391
2019.2/4	은평구	불광2동	13,766	29,726	14,459	15,267	29,419	14,315	15,104	307	144	163	2.14	5,506
2019.2/4	은평구	응암3동	12,580	26,326	12,864	13,462	25,955	12,713	13,242	371	151	220	2.06	5,354
2019.2/4	은평구	역촌동	20,784	49,181	23,382	25,799	48,757	23,223	25,534	424	159	265	2.35	7,792
2019.2/4	서대문구	소계	140,007	324,304	154,066	170,238	311,215	149,775	161,440	13,089	4,291	8,798	2.22	51,367
2019.2/4	서대문구	천연동	8,216	18,834	8,991	9,843	18,547	8,854	9,693	287	137	150	2.26	3,193
2019.2/4	서대문구	홍제1동	10,270	24,990	11,766	13,224	24,706	11,644	13,062	284	122	162	2.41	4,211
2019.2/4	서대문구	홍제3동	7,116	16,538	8,039	8,499	16,375	7,966	8,409	163	73	90	2.3	3,408
2019.2/4	서대문구	홍제2동	5,863	14,683	7,011	7,672	14,562	6,959	7,603	121	52	69	2.48	2,586
2019.2/4	서대문구	홍은1동	9,355	22,981	11,154	11,827	22,720	11,035	11,685	261	119	142	2.43	4,256
2019.2/4	서대문구	홍은2동	12,163	28,546	13,837	14,709	27,779	13,526	14,253	767	311	456	2.28	4,763
2019.2/4	서대문구	남가좌1동	6,124	17,122	8,258	8,864	16,765	8,108	8,657	357	150	207	2.74	2,134
2019.2/4	서대문구	남가좌2동	11,218	25,869	12,437	13,432	25,046	12,129	12,917	823	308	515	2.23	4,163
2019.2/4	서대문구	북가좌1동	7,021	19,292	9,349	9,943	19,145	9,295	9,850	147	54	93	2.73	2,831
2019.2/4	서대문구	북가좌2동	14,762	34,134	16,613	17,521	33,781	16,476	17,305	353	137	216	2.29	5,886
2019.2/4	서대문구	충현동	8,843	18,306	8,893	9,413	17,862	8,697	9,165	444	196	248	2.02	3,100
2019.2/4	서대문구	북아현동	7,567	17,667	8,371	9,296	17,215	8,196	9,019	452	175	277	2.28	2,277
2019.2/4	서대문구	신촌동	12,354	24,249	9,670	14,579	18,757	8,494	10,263	5,492	1,176	4,316	1.52	2,191
2019.2/4	서대문구	연희동	19,135	41,093	19,677	21,416	37,955	18,396	19,559	3,138	1,281	1,857	1.98	6,368
2019.2/4	마포구	소계	173,845	385,985	181,757	204,228	374,422	177,388	197,034	11,563	4,369	7,194	2.15	51,613
2019.2/4	마포구	용강동	9,163	22,502	10,710	11,792	21,976	10,424	11,552	526	286	240	2.4	2,769
2019.2/4	마포구	대흥동	7,146	13,600	6,267	7,333	11,634	5,696	5,938	1,966	571	1,395	1.63	1,862
2019.2/4	마포구	염리동	5,722	13,440	6,330	7,110	12,482	6,044	6,438	958	286	672	2.18	1,803
2019.2/4	마포구	신수동	9,185	21,622	10,517	11,105	21,112	10,336	10,776	510	181	329	2.3	3,023
2019.2/4	마포구	서교동	14,079	26,240	11,978	14,262	24,472	11,347	13,125	1,768	631	1,137	1.74	3,344
2019.2/4	마포구	합정동	9,578	19,291	8,959	10,332	18,907	8,803	10,104	384	156	228	1.97	2,550
2019.2/4	마포구	망원1동	10,705	22,144	10,429	11,715	21,752	10,270	11,482	392	159	233	2.03	3,265
2019.2/4	마포구	망원2동	8,250	19,472	9,284	10,188	19,279	9,212	10,067	193	72	121	2.34	2,853
2019.2/4	마포구	연남동	8,670	17,163	7,980	9,183	16,068	7,513	8,555	1,095	467	628	1.85	2,442
2019.2/4	마포구	성산1동	9,345	20,397	9,610	10,787	19,979	9,448	10,531	418	162	256	2.14	2,834
2019.2/4	마포구	성산2동	18,713	41,743	19,297	22,446	41,464	19,203	22,261	279	94	185	2.22	5,818
2019.2/4	마포구	상암동	12,860	33,266	15,904	17,362	32,677	15,636	17,041	589	268	321	2.54	3,746
2019.2/4	마포구	도화동	9,637	22,699	10,781	11,918	22,408	10,654	11,754	291	127	164	2.33	3,560
2019.2/4	마포구	서강동	11,690	26,312	12,396	13,916	25,356	12,095	13,261	956	301	655	2.17	2,984
2019.2/4	마포구	공덕동	18,924	40,680	19,338	21,342	39,948	18,978	20,970	732	360	372	2.11	5,832
2019.2/4	마포구	아현동	10,178	25,414	11,977	13,437	24,908	11,729	13,179	506	248	258	2.45	2,928
2019.2/4	양천구	소계	177,045	465,095	228,697	236,398	461,051	226,881	234,170	4,044	1,816	2,228	2.6	59,731
2019.2/4	양천구	목1동	10,451	32,163	15,502	16,661	31,961	15,406	16,555	202	96	106	3.06	2,819
2019.2/4	양천구	목2동	12,984	31,545	15,403	16,142	31,286	15,298	15,988	259	105	154	2.41	3,675
2019.2/4	양천구	목3동	9,873	23,143	11,141	12,002	22,954	11,057	11,897	189	84	105	2.32	2,967
2019.2/4	양천구	목4동	10,142	27,180	13,355	13,825	26,968	13,267	13,701	212	88	124	2.66	2,983
2019.2/4	양천구	신월1동	10,125	22,087	11,299	10,788	21,716	11,142	10,574	371	157	214	2.14	3,706
2019.2/4	양천구	신월2동	8,698	22,626	11,095	11,531	22,439	11,007	11,432	187	88	99	2.58	3,501
2019.2/4	양천구	신월3동	8,223	17,004	8,968	8,036	16,751	8,848	7,903	253	120	133	2.04	2,777
2019.2/4	양천구	신월4동	6,863	19,121	9,412	9,709	19,021	9,381	9,640	100	31	69	2.77	2,858
2019.2/4	양천구	신월5동	6,405	15,600	7,738	7,862	15,449	7,676	7,773	151	62	89	2.41	2,152
2019.2/4	양천구	신월6동	2,525	6,707	3,325	3,382	6,665	3,312	3,353	42	13	29	2.64	1,072
2019.2/4	양천구	신월7동	9,254	21,969	10,792	11,177	21,815	10,749	11,066	154	43	111	2.36	3,976
2019.2/4	양천구	신정1동	7,205	21,545	10,547	10,998	21,354	10,451	10,903	191	96	95	2.96	2,458
2019.2/4	양천구	신정2동	7,130	20,752	10,146	10,606	20,610	10,092	10,518	142	54	88	2.89	2,393
2019.2/4	양천구	신정3동	17,950	48,729	23,840	24,889	48,282	23,618	24,664	447	222	225	2.69	6,306
2019.2/4	양천구	신정6동	8,157	25,277	12,308	12,969	25,254	12,297	12,957	23	11	12	3.1	2,398
2019.2/4	양천구	신정7동	11,536	30,825	14,980	15,845	30,602	14,863	15,739	223	117	106	2.65	4,409
2019.2/4	양천구	목5동	13,530	42,929	21,204	21,725	42,871	21,181	21,690	58	23	35	3.17	3,866
2019.2/4	양천구	신정4동	15,994	35,893	17,642	18,251	35,053	17,236	17,817	840	406	434	2.19	5,415
2019.2/4	강서구	소계	261,383	602,230	292,139	310,091	595,602	288,905	306,697	6,628	3,234	3,394	2.28	81,965
2019.2/4	강서구	염창동	15,130	42,025	20,587	21,438	41,906	20,535	21,371	119	52	67	2.77	3,840
2019.2/4	강서구	등촌1동	11,971	23,595	11,182	12,413	23,376	11,098	12,278	219	84	135	1.95	2,583
2019.2/4	강서구	등촌2동	8,615	21,970	10,865	11,105	21,834	10,805	11,029	136	60	76	2.53	2,866
2019.2/4	강서구	등촌3동	14,807	32,929	15,692	17,237	32,736	15,615	17,121	193	77	116	2.21	5,880
2019.2/4	강서구	화곡본동	16,399	36,127	17,620	18,507	35,684	17,438	18,246	443	182	261	2.18	4,442
2019.2/4	강서구	화곡2동	8,254	19,795	9,617	10,178	19,470	9,469	10,001	325	148	177	2.36	2,660
2019.2/4	강서구	화곡3동	9,374	22,675	10,869	11,806	22,501	10,803	11,698	174	66	108	2.4	3,623
2019.2/4	강서구	화곡4동	9,675	22,297	10,951	11,346	21,942	10,794	11,148	355	157	198	2.27	3,430
2019.2/4	강서구	화곡6동	11,398	25,067	12,393	12,674	24,850	12,302	12,548	217	91	126	2.18	3,454
2019.2/4	강서구	화곡8동	11,637	26,798	12,888	13,910	26,270	12,637	13,633	528	251	277	2.26	3,994
2019.2/4	강서구	가양1동	18,863	34,090	15,998	18,092	33,723	15,783	17,940	367	215	152	1.79	2,694
2019.2/4	강서구	가양2동	8,110	15,413	7,314	8,099	15,321	7,287	8,034	92	27	65	1.89	3,553
2019.2/4	강서구	가양3동	7,922	16,445	7,742	8,703	16,327	7,696	8,631	118	46	72	2.06	3,258
2019.2/4	강서구	발산1동	13,460	38,619	18,397	20,222	38,456	18,331	20,125	163	66	97	2.86	4,269
2019.2/4	강서구	공항동	12,757	28,527	14,586	13,941	27,618	13,934	13,684	909	652	257	2.16	3,600
2019.2/4	강서구	방화1동	17,434	45,982	22,486	23,496	45,632	22,318	23,314	350	168	182	2.62	5,872
2019.2/4	강서구	방화2동	11,617	24,354	12,082	12,272	24,032	11,908	12,124	322	174	148	2.07	4,419
2019.2/4	강서구	방화3동	11,235	24,673	11,905	12,768	24,508	11,842	12,666	165	63	102	2.18	4,588
2019.2/4	강서구	화곡1동	26,149	54,801	26,841	27,960	53,630	26,313	27,317	1,171	528	643	2.05	7,612
2019.2/4	강서구	우장산동	16,576	46,048	22,124	23,924	45,786	21,997	23,789	262	127	135	2.76	5,328
2019.2/4	구로구	소계	174,505	439,328	220,027	219,301	405,415	200,561	204,854	33,913	19,466	14,447	2.32	64,028
2019.2/4	구로구	신도림동	13,471	37,492	18,346	19,146	37,144	18,139	19,005	348	207	141	2.76	4,215
2019.2/4	구로구	구로1동	7,883	21,849	10,794	11,055	21,409	10,551	10,858	440	243	197	2.72	2,211
2019.2/4	구로구	구로3동	13,241	26,579	13,607	12,972	24,528	12,483	12,045	2,051	1,124	927	1.85	3,206
2019.2/4	구로구	구로4동	10,582	26,721	13,603	13,118	21,224	10,396	10,828	5,497	3,207	2,290	2.01	4,308
2019.2/4	구로구	구로5동	14,418	33,800	16,668	17,132	30,043	14,531	15,512	3,757	2,137	1,620	2.08	4,313
2019.2/4	구로구	고척1동	9,543	24,427	12,243	12,184	23,949	12,010	11,939	478	233	245	2.51	3,904
2019.2/4	구로구	고척2동	11,659	29,225	14,508	14,717	28,564	14,167	14,397	661	341	320	2.45	4,603
2019.2/4	구로구	개봉2동	12,644	33,561	16,412	17,149	33,037	16,156	16,881	524	256	268	2.61	5,655
2019.2/4	구로구	개봉3동	8,842	22,184	10,870	11,314	21,690	10,625	11,065	494	245	249	2.45	3,694
2019.2/4	구로구	오류1동	10,743	22,696	11,110	11,586	21,996	10,772	11,224	700	338	362	2.05	3,582
2019.2/4	구로구	오류2동	18,938	49,302	23,987	25,315	48,491	23,574	24,917	811	413	398	2.56	7,155
2019.2/4	구로구	수궁동	9,847	25,181	12,511	12,670	24,808	12,310	12,498	373	201	172	2.52	3,869
2019.2/4	구로구	가리봉동	5,865	15,917	9,217	6,700	9,543	5,182	4,361	6,374	4,035	2,339	1.63	2,037
2019.2/4	구로구	구로2동	12,823	35,948	18,905	17,043	25,739	13,040	12,699	10,209	5,865	4,344	2.01	5,474
2019.2/4	구로구	개봉1동	14,006	34,446	17,246	17,200	33,250	16,625	16,625	1,196	621	575	2.37	5,802
2019.2/4	금천구	소계	109,708	254,061	130,282	123,779	234,079	118,912	115,167	19,982	11,370	8,612	2.13	36,727
2019.2/4	금천구	가산동	13,489	24,522	13,791	10,731	20,882	11,548	9,334	3,640	2,243	1,397	1.55	2,373
2019.2/4	금천구	독산1동	19,671	43,574	22,707	20,867	41,010	21,218	19,792	2,564	1,489	1,075	2.08	5,180
2019.2/4	금천구	독산2동	9,288	21,779	11,182	10,597	19,748	10,062	9,686	2,031	1,120	911	2.13	3,159
2019.2/4	금천구	독산3동	12,277	30,392	15,721	14,671	25,342	12,815	12,527	5,050	2,906	2,144	2.06	4,223
2019.2/4	금천구	독산4동	7,622	18,606	9,484	9,122	16,254	8,185	8,069	2,352	1,299	1,053	2.13	2,671
2019.2/4	금천구	시흥1동	15,817	37,144	18,727	18,417	34,659	17,342	17,317	2,485	1,385	1,100	2.19	5,616
2019.2/4	금천구	시흥2동	8,425	22,861	11,141	11,720	22,739	11,080	11,659	122	61	61	2.7	3,657
2019.2/4	금천구	시흥3동	4,723	11,648	5,832	5,816	11,498	5,760	5,738	150	72	78	2.43	2,182
2019.2/4	금천구	시흥4동	9,066	22,349	11,114	11,235	21,502	10,680	10,822	847	434	413	2.37	3,647
2019.2/4	금천구	시흥5동	9,330	21,186	10,583	10,603	20,445	10,222	10,223	741	361	380	2.19	4,019
2019.2/4	영등포구	소계	173,701	404,229	203,265	200,964	369,017	183,460	185,557	35,212	19,805	15,407	2.12	56,891
2019.2/4	영등포구	여의동	13,374	34,479	16,294	18,185	34,086	16,075	18,011	393	219	174	2.55	5,793
2019.2/4	영등포구	당산1동	10,500	21,491	10,579	10,912	20,955	10,330	10,625	536	249	287	2	3,138
2019.2/4	영등포구	당산2동	17,216	36,213	17,042	19,171	35,750	16,831	18,919	463	211	252	2.08	4,216
2019.2/4	영등포구	양평1동	8,884	18,240	9,110	9,130	17,896	8,931	8,965	344	179	165	2.01	2,397
2019.2/4	영등포구	양평2동	10,120	22,934	11,472	11,462	22,679	11,350	11,329	255	122	133	2.24	2,367
2019.2/4	영등포구	신길1동	9,892	19,677	10,106	9,571	17,493	8,869	8,624	2,184	1,237	947	1.77	3,179
2019.2/4	영등포구	신길3동	7,557	18,743	9,415	9,328	17,269	8,590	8,679	1,474	825	649	2.29	2,870
2019.2/4	영등포구	신길4동	4,278	10,171	5,197	4,974	9,071	4,557	4,514	1,100	640	460	2.12	1,772
2019.2/4	영등포구	신길5동	4,222	11,115	5,554	5,561	9,354	4,539	4,815	1,761	1,015	746	2.22	1,881
2019.2/4	영등포구	신길6동	8,417	19,675	9,800	9,875	18,361	9,058	9,303	1,314	742	572	2.18	3,055
2019.2/4	영등포구	신길7동	6,553	17,202	8,591	8,611	16,985	8,486	8,499	217	105	112	2.59	1,980
2019.2/4	영등포구	대림1동	6,370	16,686	8,649	8,037	13,051	6,532	6,519	3,635	2,117	1,518	2.05	2,726
2019.2/4	영등포구	대림2동	6,843	22,177	11,644	10,533	12,864	6,253	6,611	9,313	5,391	3,922	1.88	2,872
2019.2/4	영등포구	대림3동	10,561	29,244	15,024	14,220	24,133	12,140	11,993	5,111	2,884	2,227	2.29	4,024
2019.2/4	영등포구	영등포본동	10,188	25,190	13,019	12,171	22,151	11,319	10,832	3,039	1,700	1,339	2.17	3,759
2019.2/4	영등포구	영등포동	16,959	26,964	14,681	12,283	26,227	14,335	11,892	737	346	391	1.55	3,306
2019.2/4	영등포구	도림동	9,284	21,974	11,225	10,749	18,862	9,523	9,339	3,112	1,702	1,410	2.03	3,228
2019.2/4	영등포구	문래동	12,483	32,054	15,863	16,191	31,830	15,742	16,088	224	121	103	2.55	4,328
2019.2/4	동작구	소계	180,463	412,000	199,320	212,680	398,885	193,449	205,436	13,115	5,871	7,244	2.21	61,009
2019.2/4	동작구	노량진2동	7,210	14,110	7,238	6,872	13,043	6,688	6,355	1,067	550	517	1.81	2,563
2019.2/4	동작구	상도1동	21,360	48,432	23,366	25,066	46,204	22,491	23,713	2,228	875	1,353	2.16	6,475
2019.2/4	동작구	상도2동	12,813	29,422	14,117	15,305	29,025	13,943	15,082	397	174	223	2.27	4,196
2019.2/4	동작구	상도3동	11,800	26,159	12,546	13,613	25,720	12,339	13,381	439	207	232	2.18	4,086
2019.2/4	동작구	상도4동	13,439	30,257	14,827	15,430	29,832	14,643	15,189	425	184	241	2.22	4,599
2019.2/4	동작구	사당1동	13,030	24,273	11,611	12,662	23,581	11,261	12,320	692	350	342	1.81	3,474
2019.2/4	동작구	사당3동	10,731	26,557	12,906	13,651	26,245	12,757	13,488	312	149	163	2.45	4,160
2019.2/4	동작구	사당4동	6,981	15,055	7,199	7,856	14,836	7,098	7,738	219	101	118	2.13	2,408
2019.2/4	동작구	사당5동	5,727	13,094	6,337	6,757	12,960	6,284	6,676	134	53	81	2.26	1,962
2019.2/4	동작구	대방동	17,070	40,194	19,131	21,063	39,737	18,906	20,831	457	225	232	2.33	5,238
2019.2/4	동작구	신대방1동	9,832	26,841	13,113	13,728	23,966	11,543	12,423	2,875	1,570	1,305	2.44	3,427
2019.2/4	동작구	신대방2동	9,275	20,840	10,027	10,813	20,542	9,892	10,650	298	135	163	2.21	2,835
2019.2/4	동작구	흑석동	14,306	35,585	16,936	18,649	32,853	16,023	16,830	2,732	913	1,819	2.3	5,435
2019.2/4	동작구	노량진1동	14,941	32,606	16,172	16,434	32,266	16,019	16,247	340	153	187	2.16	5,295
2019.2/4	동작구	사당2동	11,948	28,575	13,794	14,781	28,075	13,562	14,513	500	232	268	2.35	4,856
2019.2/4	관악구	소계	266,692	519,864	260,404	259,460	502,089	251,875	250,214	17,775	8,529	9,246	1.88	73,693
2019.2/4	관악구	보라매동	12,254	26,382	12,904	13,478	25,261	12,345	12,916	1,121	559	562	2.06	4,083
2019.2/4	관악구	청림동	6,569	16,384	8,050	8,334	16,247	7,984	8,263	137	66	71	2.47	2,597
2019.2/4	관악구	행운동	17,120	30,581	14,872	15,709	30,014	14,662	15,352	567	210	357	1.75	4,084
2019.2/4	관악구	낙성대동	10,741	17,806	8,856	8,950	16,996	8,516	8,480	810	340	470	1.58	1,904
2019.2/4	관악구	중앙동	9,227	15,873	7,596	8,277	15,437	7,406	8,031	436	190	246	1.67	2,276
2019.2/4	관악구	인헌동	14,034	27,297	13,329	13,968	26,894	13,155	13,739	403	174	229	1.92	3,664
2019.2/4	관악구	남현동	9,333	19,107	9,168	9,939	18,895	9,066	9,829	212	102	110	2.02	2,535
2019.2/4	관악구	서원동	13,763	24,147	12,282	11,865	23,333	11,913	11,420	814	369	445	1.7	3,115
2019.2/4	관악구	신원동	10,443	20,077	10,051	10,026	18,752	9,351	9,401	1,325	700	625	1.8	3,075
2019.2/4	관악구	서림동	14,193	24,721	13,525	11,196	24,100	13,298	10,802	621	227	394	1.7	3,261
2019.2/4	관악구	신사동	13,222	26,356	13,312	13,044	23,107	11,614	11,493	3,249	1,698	1,551	1.75	3,292
2019.2/4	관악구	신림동	16,654	22,682	11,366	11,316	21,768	10,953	10,815	914	413	501	1.31	1,862
2019.2/4	관악구	난향동	6,468	16,541	8,188	8,353	16,420	8,130	8,290	121	58	63	2.54	2,606
2019.2/4	관악구	조원동	10,147	19,676	10,053	9,623	17,498	8,843	8,655	2,178	1,210	968	1.72	2,557
2019.2/4	관악구	대학동	15,786	24,741	14,660	10,081	23,774	14,304	9,470	967	356	611	1.51	2,643
2019.2/4	관악구	은천동	15,887	35,770	17,545	18,225	35,045	17,204	17,841	725	341	384	2.21	5,428
2019.2/4	관악구	성현동	12,981	32,715	15,881	16,834	32,491	15,778	16,713	224	103	121	2.5	5,350
2019.2/4	관악구	청룡동	19,366	30,997	14,871	16,126	29,562	14,214	15,348	1,435	657	778	1.53	3,728
2019.2/4	관악구	난곡동	12,875	29,314	14,774	14,540	28,717	14,482	14,235	597	292	305	2.23	4,960
2019.2/4	관악구	삼성동	11,502	25,696	12,914	12,782	25,501	12,830	12,671	195	84	111	2.22	5,449
2019.2/4	관악구	미성동	14,127	33,001	16,207	16,794	32,277	15,827	16,450	724	380	344	2.28	5,224
2019.2/4	서초구	소계	172,907	435,631	208,610	227,021	431,360	206,478	224,882	4,271	2,132	2,139	2.49	55,853
2019.2/4	서초구	서초1동	9,264	21,546	10,416	11,130	21,305	10,292	11,013	241	124	117	2.3	2,783
2019.2/4	서초구	서초2동	8,247	18,574	8,922	9,652	18,240	8,721	9,519	334	201	133	2.21	2,060
2019.2/4	서초구	서초3동	13,399	30,903	15,133	15,770	30,584	14,985	15,599	319	148	171	2.28	4,312
2019.2/4	서초구	서초4동	11,010	31,867	15,447	16,420	31,599	15,298	16,301	268	149	119	2.87	3,806
2019.2/4	서초구	잠원동	13,900	34,575	16,456	18,119	34,358	16,353	18,005	217	103	114	2.47	3,693
2019.2/4	서초구	반포본동	4,173	12,329	5,809	6,520	12,266	5,776	6,490	63	33	30	2.94	1,866
2019.2/4	서초구	반포1동	14,393	33,247	15,972	17,275	32,872	15,814	17,058	375	158	217	2.28	3,241
2019.2/4	서초구	반포2동	5,165	16,424	7,818	8,606	16,244	7,732	8,512	180	86	94	3.15	1,807
2019.2/4	서초구	반포3동	7,007	20,267	9,580	10,687	20,206	9,545	10,661	61	35	26	2.88	2,340
2019.2/4	서초구	반포4동	7,376	20,369	9,643	10,726	19,817	9,349	10,468	552	294	258	2.69	2,618
2019.2/4	서초구	방배본동	7,892	21,562	10,038	11,524	21,356	9,935	11,421	206	103	103	2.71	2,856
2019.2/4	서초구	방배1동	7,588	17,592	8,278	9,314	17,466	8,223	9,243	126	55	71	2.3	2,663
2019.2/4	서초구	방배2동	8,896	21,342	10,089	11,253	21,180	10,005	11,175	162	84	78	2.38	3,315
2019.2/4	서초구	방배3동	8,524	22,578	10,905	11,673	22,431	10,838	11,593	147	67	80	2.63	3,549
2019.2/4	서초구	방배4동	9,775	24,294	11,173	13,121	23,985	11,027	12,958	309	146	163	2.45	3,223
2019.2/4	서초구	양재1동	18,224	46,231	22,112	24,119	45,837	21,922	23,915	394	190	204	2.52	6,164
2019.2/4	서초구	양재2동	10,812	23,382	11,767	11,615	23,127	11,635	11,492	255	132	123	2.14	2,653
2019.2/4	서초구	내곡동	7,262	18,549	9,052	9,497	18,487	9,028	9,459	62	24	38	2.55	2,904
2019.2/4	강남구	소계	230,752	547,602	262,219	285,383	542,498	259,645	282,853	5,104	2,574	2,530	2.35	69,011
2019.2/4	강남구	신사동	7,496	17,651	8,223	9,428	17,375	8,068	9,307	276	155	121	2.32	2,864
2019.2/4	강남구	논현1동	14,147	23,776	11,031	12,745	23,181	10,751	12,430	595	280	315	1.64	2,789
2019.2/4	강남구	논현2동	11,343	22,079	10,323	11,756	21,803	10,196	11,607	276	127	149	1.92	2,936
2019.2/4	강남구	삼성1동	5,931	15,058	7,543	7,515	14,745	7,340	7,405	313	203	110	2.49	2,057
2019.2/4	강남구	삼성2동	13,216	30,308	14,469	15,839	30,079	14,337	15,742	229	132	97	2.28	3,221
2019.2/4	강남구	대치1동	7,406	25,288	12,684	12,604	25,234	12,656	12,578	54	28	26	3.41	2,224
2019.2/4	강남구	대치4동	10,148	20,860	9,899	10,961	20,561	9,751	10,810	299	148	151	2.03	1,887
2019.2/4	강남구	역삼1동	23,413	37,101	17,940	19,161	36,041	17,430	18,611	1,060	510	550	1.54	3,469
2019.2/4	강남구	역삼2동	15,291	36,991	17,439	19,552	36,642	17,239	19,403	349	200	149	2.4	3,419
2019.2/4	강남구	도곡1동	8,555	22,689	10,717	11,972	22,538	10,639	11,899	151	78	73	2.63	2,703
2019.2/4	강남구	도곡2동	11,846	34,370	16,011	18,359	34,239	15,941	18,298	131	70	61	2.89	4,286
2019.2/4	강남구	개포1동	2,803	7,076	3,414	3,662	7,051	3,402	3,649	25	12	13	2.52	1,489
2019.2/4	강남구	개포4동	7,766	18,550	9,103	9,447	18,395	9,031	9,364	155	72	83	2.37	2,170
2019.2/4	강남구	일원본동	8,203	24,486	12,025	12,461	24,449	12,011	12,438	37	14	23	2.98	2,549
2019.2/4	강남구	일원1동	7,546	16,652	8,123	8,529	16,477	8,062	8,415	175	61	114	2.18	2,957
2019.2/4	강남구	일원2동	7,279	18,088	8,713	9,375	18,017	8,683	9,334	71	30	41	2.48	2,904
2019.2/4	강남구	수서동	7,850	16,187	7,429	8,758	16,108	7,403	8,705	79	26	53	2.05	3,942
2019.2/4	강남구	세곡동	17,718	45,180	21,553	23,627	44,959	21,443	23,516	221	110	111	2.54	5,904
2019.2/4	강남구	압구정동	10,742	27,865	12,812	15,053	27,711	12,748	14,963	154	64	90	2.58	4,781
2019.2/4	강남구	청담동	12,510	30,165	14,191	15,974	29,907	14,047	15,860	258	144	114	2.39	3,881
2019.2/4	강남구	대치2동	13,003	38,994	19,779	19,215	38,830	19,679	19,151	164	100	64	2.99	4,246
2019.2/4	강남구	개포2동	6,540	18,188	8,798	9,390	18,156	8,788	9,368	32	10	22	2.78	2,333
2019.2/4	송파구	소계	278,223	686,181	332,539	353,642	679,247	329,200	350,047	6,934	3,339	3,595	2.44	84,740
2019.2/4	송파구	풍납1동	6,629	15,825	7,855	7,970	14,915	7,392	7,523	910	463	447	2.25	2,678
2019.2/4	송파구	풍납2동	10,449	24,881	11,839	13,042	24,685	11,748	12,937	196	91	105	2.36	3,223
2019.2/4	송파구	거여1동	5,438	13,277	6,763	6,514	13,161	6,724	6,437	116	39	77	2.42	2,098
2019.2/4	송파구	거여2동	7,231	17,163	8,454	8,709	17,089	8,424	8,665	74	30	44	2.36	2,910
2019.2/4	송파구	마천1동	9,120	21,004	10,728	10,276	20,804	10,655	10,149	200	73	127	2.28	3,860
2019.2/4	송파구	마천2동	8,659	20,435	10,364	10,071	20,238	10,284	9,954	197	80	117	2.34	3,727
2019.2/4	송파구	방이1동	6,226	16,514	7,998	8,516	16,376	7,928	8,448	138	70	68	2.63	1,944
2019.2/4	송파구	방이2동	13,400	26,211	12,585	13,626	25,733	12,362	13,371	478	223	255	1.92	3,150
2019.2/4	송파구	오륜동	5,986	18,968	9,284	9,684	18,957	9,279	9,678	11	5	6	3.17	2,326
2019.2/4	송파구	오금동	15,724	41,148	20,090	21,058	40,899	19,961	20,938	249	129	120	2.6	5,476
2019.2/4	송파구	송파1동	12,440	26,321	12,453	13,868	25,828	12,198	13,630	493	255	238	2.08	3,132
2019.2/4	송파구	송파2동	7,305	20,832	10,085	10,747	20,657	9,993	10,664	175	92	83	2.83	2,586
2019.2/4	송파구	석촌동	16,708	34,178	16,409	17,769	33,425	16,040	17,385	753	369	384	2	4,034
2019.2/4	송파구	삼전동	16,301	32,901	15,649	17,252	32,494	15,479	17,015	407	170	237	1.99	3,576
2019.2/4	송파구	가락본동	11,808	27,966	13,844	14,122	27,600	13,662	13,938	366	182	184	2.34	3,273
2019.2/4	송파구	가락1동	9,356	26,063	12,753	13,310	25,986	12,723	13,263	77	30	47	2.78	2,473
2019.2/4	송파구	가락2동	12,266	33,999	16,658	17,341	33,781	16,555	17,226	218	103	115	2.75	3,685
2019.2/4	송파구	문정1동	8,547	21,359	10,595	10,764	21,150	10,495	10,655	209	100	109	2.47	2,596
2019.2/4	송파구	문정2동	15,415	29,926	13,991	15,935	29,756	13,914	15,842	170	77	93	1.93	3,420
2019.2/4	송파구	장지동	13,391	34,463	16,700	17,763	34,238	16,583	17,655	225	117	108	2.56	4,116
2019.2/4	송파구	위례동	14,992	28,408	13,843	14,565	28,349	13,821	14,528	59	22	37	1.89	1,860
2019.2/4	송파구	잠실본동	8,123	29,675	14,047	15,628	29,049	13,738	15,311	626	309	317	3.58	3,385
2019.2/4	송파구	잠실4동	5,938	23,856	11,523	12,333	23,769	11,481	12,288	87	42	45	4	2,643
2019.2/4	송파구	잠실6동	3,473	17,471	8,343	9,128	17,311	8,255	9,056	160	88	72	4.98	2,496
2019.2/4	송파구	잠실7동	12,003	10,258	4,798	5,460	10,245	4,793	5,452	13	5	8	0.85	1,979
2019.2/4	송파구	잠실2동	12,279	36,817	17,591	19,226	36,705	17,528	19,177	112	63	49	2.99	3,161
2019.2/4	송파구	잠실3동	9,016	36,262	17,297	18,965	36,047	17,185	18,862	215	112	103	4	4,933
2019.2/4	강동구	소계	177,368	428,547	211,752	216,795	424,235	209,746	214,489	4,312	2,006	2,306	2.39	60,657
2019.2/4	강동구	강일동	11,190	32,535	15,729	16,806	32,393	15,666	16,727	142	63	79	2.89	4,475
2019.2/4	강동구	상일동	4,192	11,113	5,540	5,573	11,026	5,496	5,530	87	44	43	2.63	1,553
2019.2/4	강동구	명일1동	8,179	22,405	10,961	11,444	22,334	10,942	11,392	71	19	52	2.73	3,009
2019.2/4	강동구	명일2동	6,019	17,968	8,862	9,106	17,926	8,847	9,079	42	15	27	2.98	2,168
2019.2/4	강동구	고덕1동	9,126	27,405	13,896	13,509	27,314	13,859	13,455	91	37	54	2.99	2,561
2019.2/4	강동구	고덕2동	3,353	7,349	3,911	3,438	7,235	3,835	3,400	114	76	38	2.16	1,391
2019.2/4	강동구	암사2동	5,902	14,628	7,118	7,510	14,577	7,095	7,482	51	23	28	2.47	2,041
2019.2/4	강동구	암사3동	6,373	18,948	9,282	9,666	18,894	9,256	9,638	54	26	28	2.96	2,289
2019.2/4	강동구	천호1동	12,840	28,891	14,258	14,633	28,570	14,133	14,437	321	125	196	2.23	4,693
2019.2/4	강동구	천호3동	13,677	28,370	14,010	14,360	27,782	13,717	14,065	588	293	295	2.03	4,354
2019.2/4	강동구	성내1동	8,136	20,733	10,046	10,687	20,607	9,987	10,620	126	59	67	2.53	2,793
2019.2/4	강동구	성내2동	12,509	25,556	12,669	12,887	24,819	12,307	12,512	737	362	375	1.98	3,929
2019.2/4	강동구	성내3동	10,201	24,042	11,908	12,134	23,759	11,786	11,973	283	122	161	2.33	3,322
2019.2/4	강동구	둔촌1동	167	289	136	153	274	130	144	15	6	9	1.64	95
2019.2/4	강동구	둔촌2동	11,185	27,964	13,824	14,140	27,836	13,771	14,065	128	53	75	2.49	3,865
2019.2/4	강동구	암사1동	16,211	37,313	18,495	18,818	36,982	18,360	18,622	331	135	196	2.28	5,540
2019.2/4	강동구	천호2동	17,661	36,203	18,124	18,079	35,409	17,713	17,696	794	411	383	2	5,670
2019.2/4	강동구	길동	20,447	46,835	22,983	23,852	46,498	22,846	23,652	337	137	200	2.27	6,909