기간	자치구	행정동	세대	인구	인구	인구	인구	인구	인구	인구	인구	인구	세대당인구	65세이상고령자
기간	자치구	행정동	세대	합계	합계	합계	한국인	한국인	한국인	외국인	외국인	외국인	세대당인구	65세이상고령자
기간	자치구	행정동	세대	계	남자	여자	계	남자	여자	계	남자	여자	세대당인구	65세이상고령자
2019.3/4	합계	합계	4,315,921	10,025,927	4,887,068	5,138,859	9,740,398	4,751,696	4,988,702	285,529	135,372	150,157	2.26	1,468,146
2019.3/4	종로구	소계	73,942	162,860	78,523	84,337	151,767	73,952	77,815	11,093	4,571	6,522	2.05	27,394
2019.3/4	종로구	사직동	4,557	9,700	4,375	5,325	9,415	4,215	5,200	285	160	125	2.07	1,773
2019.3/4	종로구	삼청동	1,397	3,013	1,443	1,570	2,771	1,327	1,444	242	116	126	1.98	650
2019.3/4	종로구	부암동	4,268	10,525	5,002	5,523	10,017	4,765	5,252	508	237	271	2.35	1,754
2019.3/4	종로구	평창동	7,518	18,830	8,817	10,013	18,677	8,743	9,934	153	74	79	2.48	3,220
2019.3/4	종로구	무악동	3,177	8,745	4,078	4,667	8,697	4,060	4,637	48	18	30	2.74	1,402
2019.3/4	종로구	교남동	4,581	10,779	5,021	5,758	10,624	4,945	5,679	155	76	79	2.32	1,558
2019.3/4	종로구	가회동	2,056	4,487	2,090	2,397	4,380	2,029	2,351	107	61	46	2.13	916
2019.3/4	종로구	종로1.2.3.4가동	5,275	8,630	4,955	3,675	7,331	4,370	2,961	1,299	585	714	1.39	1,916
2019.3/4	종로구	종로5·6가동	3,231	5,717	3,142	2,575	5,215	2,873	2,342	502	269	233	1.61	1,102
2019.3/4	종로구	이화동	4,473	8,566	3,939	4,627	7,924	3,735	4,189	642	204	438	1.77	1,368
2019.3/4	종로구	창신1동	2,937	6,098	3,268	2,830	5,248	2,821	2,427	850	447	403	1.79	1,216
2019.3/4	종로구	창신2동	4,119	9,825	4,996	4,829	8,613	4,410	4,203	1,212	586	626	2.09	1,701
2019.3/4	종로구	창신3동	2,898	7,322	3,606	3,716	7,163	3,532	3,631	159	74	85	2.47	1,197
2019.3/4	종로구	숭인1동	2,978	6,613	3,237	3,376	6,263	3,081	3,182	350	156	194	2.1	1,167
2019.3/4	종로구	숭인2동	5,743	9,972	5,008	4,964	9,488	4,839	4,649	484	169	315	1.65	1,635
2019.3/4	종로구	청운효자동	5,364	13,090	6,120	6,970	12,842	5,986	6,856	248	134	114	2.39	2,200
2019.3/4	종로구	혜화동	9,370	20,948	9,426	11,522	17,099	8,221	8,878	3,849	1,205	2,644	1.82	2,619
2019.3/4	중구	소계	62,593	136,663	67,030	69,633	126,409	62,161	64,248	10,254	4,869	5,385	2.02	23,025
2019.3/4	중구	소공동	1,098	3,045	1,542	1,503	2,045	1,001	1,044	1,000	541	459	1.86	285
2019.3/4	중구	회현동	3,164	5,864	3,193	2,671	5,264	2,858	2,406	600	335	265	1.66	1,448
2019.3/4	중구	명동	1,441	3,497	1,557	1,940	2,835	1,200	1,635	662	357	305	1.97	732
2019.3/4	중구	필동	2,298	5,054	2,519	2,535	4,021	2,084	1,937	1,033	435	598	1.75	812
2019.3/4	중구	장충동	2,694	5,628	2,775	2,853	4,711	2,405	2,306	917	370	547	1.75	800
2019.3/4	중구	광희동	2,943	6,221	3,257	2,964	4,931	2,616	2,315	1,290	641	649	1.68	1,166
2019.3/4	중구	을지로동	1,344	2,002	1,207	795	1,806	1,104	702	196	103	93	1.34	485
2019.3/4	중구	신당5동	5,258	10,846	5,312	5,534	10,497	5,152	5,345	349	160	189	2	1,656
2019.3/4	중구	황학동	6,763	13,669	6,607	7,062	12,631	6,122	6,509	1,038	485	553	1.87	1,912
2019.3/4	중구	중림동	5,852	13,007	6,534	6,473	12,682	6,363	6,319	325	171	154	2.17	1,997
2019.3/4	중구	신당동	4,435	9,336	4,570	4,766	7,600	3,803	3,797	1,736	767	969	1.71	1,352
2019.3/4	중구	다산동	6,950	15,075	7,303	7,772	14,551	7,092	7,459	524	211	313	2.09	2,531
2019.3/4	중구	약수동	7,790	17,760	8,386	9,374	17,553	8,276	9,277	207	110	97	2.25	3,543
2019.3/4	중구	청구동	6,410	14,595	6,952	7,643	14,381	6,842	7,539	214	110	104	2.24	2,572
2019.3/4	중구	동화동	4,153	11,064	5,316	5,748	10,901	5,243	5,658	163	73	90	2.62	1,734
2019.3/4	용산구	소계	109,911	244,989	119,499	125,490	228,830	110,478	118,352	16,159	9,021	7,138	2.08	38,531
2019.3/4	용산구	후암동	8,590	18,547	9,056	9,491	18,004	8,763	9,241	543	293	250	2.1	2,991
2019.3/4	용산구	용산2가동	5,449	11,831	5,820	6,011	10,485	5,088	5,397	1,346	732	614	1.92	2,051
2019.3/4	용산구	남영동	5,428	8,521	5,119	3,402	7,794	4,776	3,018	727	343	384	1.44	1,595
2019.3/4	용산구	원효로2동	6,013	14,779	6,944	7,835	14,632	6,880	7,752	147	64	83	2.43	2,362
2019.3/4	용산구	효창동	4,202	10,179	4,858	5,321	10,056	4,800	5,256	123	58	65	2.39	1,410
2019.3/4	용산구	용문동	5,372	12,649	6,066	6,583	12,508	5,999	6,509	141	67	74	2.33	2,018
2019.3/4	용산구	이촌1동	10,269	29,251	13,741	15,510	28,319	13,242	15,077	932	499	433	2.76	4,377
2019.3/4	용산구	이촌2동	3,863	9,025	4,254	4,771	8,920	4,211	4,709	105	43	62	2.31	1,730
2019.3/4	용산구	이태원1동	3,768	9,086	4,749	4,337	6,875	3,237	3,638	2,211	1,512	699	1.82	1,569
2019.3/4	용산구	이태원2동	4,865	10,812	5,088	5,724	9,298	4,307	4,991	1,514	781	733	1.91	1,885
2019.3/4	용산구	서빙고동	5,299	14,122	6,821	7,301	13,356	6,436	6,920	766	385	381	2.52	2,064
2019.3/4	용산구	보광동	7,680	15,897	8,039	7,858	14,533	7,137	7,396	1,364	902	462	1.89	2,707
2019.3/4	용산구	청파동	10,702	20,715	9,728	10,987	19,912	9,455	10,457	803	273	530	1.86	3,288
2019.3/4	용산구	원효로1동	7,729	16,471	7,968	8,503	15,834	7,643	8,191	637	325	312	2.05	1,915
2019.3/4	용산구	한강로동	9,650	19,504	9,520	9,984	17,869	8,638	9,231	1,635	882	753	1.85	3,010
2019.3/4	용산구	한남동	11,032	23,600	11,728	11,872	20,435	9,866	10,569	3,165	1,862	1,303	1.85	3,559
2019.3/4	성동구	소계	136,466	311,290	152,134	159,156	303,158	148,510	154,648	8,132	3,624	4,508	2.22	43,662
2019.3/4	성동구	왕십리2동	7,637	17,953	8,738	9,215	17,519	8,537	8,982	434	201	233	2.29	2,465
2019.3/4	성동구	마장동	10,895	24,137	11,834	12,303	23,451	11,579	11,872	686	255	431	2.15	3,612
2019.3/4	성동구	사근동	7,475	13,630	6,748	6,882	11,775	6,052	5,723	1,855	696	1,159	1.58	1,451
2019.3/4	성동구	행당1동	7,336	16,659	8,068	8,591	16,109	7,829	8,280	550	239	311	2.2	2,295
2019.3/4	성동구	행당2동	9,483	24,748	11,628	13,120	24,663	11,591	13,072	85	37	48	2.6	3,537
2019.3/4	성동구	응봉동	6,170	16,228	7,699	8,529	16,161	7,675	8,486	67	24	43	2.62	2,416
2019.3/4	성동구	금호1가동	6,611	15,974	7,641	8,333	15,871	7,592	8,279	103	49	54	2.4	2,364
2019.3/4	성동구	금호4가동	6,453	15,283	7,320	7,963	15,135	7,249	7,886	148	71	77	2.35	2,195
2019.3/4	성동구	성수1가1동	7,637	17,331	8,681	8,650	16,998	8,495	8,503	333	186	147	2.23	2,061
2019.3/4	성동구	성수1가2동	6,932	15,084	7,494	7,590	14,665	7,293	7,372	419	201	218	2.12	1,968
2019.3/4	성동구	성수2가1동	8,564	17,979	9,354	8,625	17,310	9,042	8,268	669	312	357	2.02	2,704
2019.3/4	성동구	성수2가3동	5,669	11,725	5,983	5,742	11,384	5,796	5,588	341	187	154	2.01	1,750
2019.3/4	성동구	송정동	5,549	11,546	6,131	5,415	11,076	5,893	5,183	470	238	232	2	1,667
2019.3/4	성동구	용답동	6,945	13,572	7,149	6,423	12,572	6,681	5,891	1,000	468	532	1.81	2,139
2019.3/4	성동구	왕십리도선동	11,798	27,878	13,290	14,588	27,402	13,080	14,322	476	210	266	2.32	3,469
2019.3/4	성동구	금호2.3가동	10,330	24,299	11,593	12,706	24,086	11,499	12,587	213	94	119	2.33	3,783
2019.3/4	성동구	옥수동	10,982	27,264	12,783	14,481	26,981	12,627	14,354	283	156	127	2.46	3,786
2019.3/4	광진구	소계	164,173	368,337	177,749	190,588	352,692	171,103	181,589	15,645	6,646	8,999	2.15	47,347
2019.3/4	광진구	화양동	15,976	25,422	11,618	13,804	21,864	10,436	11,428	3,558	1,182	2,376	1.37	2,232
2019.3/4	광진구	군자동	10,634	22,142	10,877	11,265	19,953	9,868	10,085	2,189	1,009	1,180	1.88	2,830
2019.3/4	광진구	중곡1동	8,033	16,420	8,043	8,377	15,945	7,836	8,109	475	207	268	1.98	2,343
2019.3/4	광진구	중곡2동	10,442	22,635	10,859	11,776	22,286	10,708	11,578	349	151	198	2.13	2,987
2019.3/4	광진구	중곡3동	8,506	17,492	8,650	8,842	17,247	8,560	8,687	245	90	155	2.03	2,623
2019.3/4	광진구	중곡4동	13,220	30,561	15,040	15,521	30,184	14,889	15,295	377	151	226	2.28	4,641
2019.3/4	광진구	능동	6,240	11,867	5,482	6,385	11,524	5,314	6,210	343	168	175	1.85	1,521
2019.3/4	광진구	구의1동	11,795	23,126	11,047	12,079	22,395	10,709	11,686	731	338	393	1.9	2,964
2019.3/4	광진구	구의2동	11,646	28,032	13,518	14,514	27,583	13,323	14,260	449	195	254	2.37	3,979
2019.3/4	광진구	구의3동	12,164	30,179	14,399	15,780	29,872	14,256	15,616	307	143	164	2.46	3,677
2019.3/4	광진구	광장동	12,048	36,180	17,487	18,693	36,007	17,410	18,597	173	77	96	2.99	3,482
2019.3/4	광진구	자양1동	11,450	24,229	11,662	12,567	23,110	11,159	11,951	1,119	503	616	2.02	3,184
2019.3/4	광진구	자양2동	11,267	27,107	13,290	13,817	26,685	13,099	13,586	422	191	231	2.37	3,639
2019.3/4	광진구	자양3동	11,024	29,577	14,247	15,330	29,290	14,122	15,168	287	125	162	2.66	3,720
2019.3/4	광진구	자양4동	9,728	23,368	11,530	11,838	18,747	9,414	9,333	4,621	2,116	2,505	1.93	3,525
2019.3/4	동대문구	소계	163,606	363,779	178,958	184,821	346,551	172,440	174,111	17,228	6,518	10,710	2.12	58,764
2019.3/4	동대문구	회기동	6,053	13,337	5,951	7,386	10,363	4,923	5,440	2,974	1,028	1,946	1.71	1,498
2019.3/4	동대문구	휘경1동	7,525	16,537	8,008	8,529	14,540	7,256	7,284	1,997	752	1,245	1.93	2,424
2019.3/4	동대문구	휘경2동	11,531	25,176	12,401	12,775	24,470	12,146	12,324	706	255	451	2.12	3,700
2019.3/4	동대문구	청량리동	10,482	22,035	11,029	11,006	21,361	10,720	10,641	674	309	365	2.04	5,161
2019.3/4	동대문구	용신동	17,086	32,073	16,401	15,672	30,552	15,719	14,833	1,521	682	839	1.79	5,426
2019.3/4	동대문구	제기동	13,023	27,630	13,785	13,845	25,079	12,831	12,248	2,551	954	1,597	1.93	5,393
2019.3/4	동대문구	전농1동	14,954	31,096	15,635	15,461	30,568	15,416	15,152	528	219	309	2.04	5,306
2019.3/4	동대문구	전농2동	7,772	20,341	9,666	10,675	19,691	9,441	10,250	650	225	425	2.53	3,478
2019.3/4	동대문구	답십리1동	12,694	29,939	14,512	15,427	29,482	14,308	15,174	457	204	253	2.32	3,868
2019.3/4	동대문구	답십리2동	12,739	30,439	14,895	15,544	30,101	14,745	15,356	338	150	188	2.36	5,216
2019.3/4	동대문구	장안1동	17,537	39,351	19,628	19,723	38,703	19,353	19,350	648	275	373	2.21	5,834
2019.3/4	동대문구	장안2동	13,138	31,930	15,952	15,978	31,630	15,833	15,797	300	119	181	2.41	4,578
2019.3/4	동대문구	이문1동	10,608	22,622	10,746	11,876	19,233	9,613	9,620	3,389	1,133	2,256	1.81	3,249
2019.3/4	동대문구	이문2동	8,464	21,273	10,349	10,924	20,778	10,136	10,642	495	213	282	2.45	3,633
2019.3/4	중랑구	소계	181,448	403,776	199,959	203,817	398,812	197,927	200,885	4,964	2,032	2,932	2.2	64,449
2019.3/4	중랑구	면목2동	12,254	26,156	13,076	13,080	25,810	12,950	12,860	346	126	220	2.11	4,169
2019.3/4	중랑구	면목4동	9,291	20,237	10,046	10,191	19,945	9,929	10,016	292	117	175	2.15	3,506
2019.3/4	중랑구	면목5동	4,542	9,876	5,034	4,842	9,747	4,979	4,768	129	55	74	2.15	1,594
2019.3/4	중랑구	면목7동	10,049	21,913	10,879	11,034	21,587	10,743	10,844	326	136	190	2.15	3,884
2019.3/4	중랑구	상봉1동	10,253	25,629	12,506	13,123	25,472	12,447	13,025	157	59	98	2.48	3,391
2019.3/4	중랑구	상봉2동	10,908	19,728	9,639	10,089	19,394	9,503	9,891	334	136	198	1.78	2,769
2019.3/4	중랑구	중화1동	8,996	21,001	10,334	10,667	20,809	10,257	10,552	192	77	115	2.31	3,224
2019.3/4	중랑구	중화2동	14,305	27,994	14,386	13,608	27,431	14,121	13,310	563	265	298	1.92	4,847
2019.3/4	중랑구	묵1동	14,586	36,063	17,551	18,512	35,888	17,495	18,393	175	56	119	2.46	5,347
2019.3/4	중랑구	묵2동	9,207	20,094	9,872	10,222	19,850	9,782	10,068	244	90	154	2.16	3,207
2019.3/4	중랑구	망우3동	8,450	18,025	9,022	9,003	17,674	8,887	8,787	351	135	216	2.09	3,074
2019.3/4	중랑구	신내1동	14,676	40,738	19,911	20,827	40,594	19,842	20,752	144	69	75	2.77	6,128
2019.3/4	중랑구	신내2동	9,074	22,095	10,588	11,507	22,016	10,563	11,453	79	25	54	2.43	3,606
2019.3/4	중랑구	면목본동	17,606	36,247	18,001	18,246	35,405	17,639	17,766	842	362	480	2.01	5,649
2019.3/4	중랑구	면목3.8동	12,552	26,729	13,316	13,413	26,296	13,136	13,160	433	180	253	2.09	4,596
2019.3/4	중랑구	망우본동	14,699	31,251	15,798	15,453	30,894	15,654	15,240	357	144	213	2.1	5,458
2019.3/4	성북구	소계	191,465	454,114	218,857	235,257	441,590	214,094	227,496	12,524	4,763	7,761	2.31	70,204
2019.3/4	성북구	돈암1동	6,292	16,048	7,496	8,552	15,936	7,456	8,480	112	40	72	2.53	2,750
2019.3/4	성북구	돈암2동	8,608	25,076	11,975	13,101	24,976	11,931	13,045	100	44	56	2.9	3,196
2019.3/4	성북구	안암동	9,170	17,877	8,677	9,200	15,488	7,863	7,625	2,389	814	1,575	1.69	2,128
2019.3/4	성북구	보문동	7,997	16,839	8,140	8,699	16,484	7,995	8,489	355	145	210	2.06	2,347
2019.3/4	성북구	정릉1동	7,449	19,484	9,328	10,156	18,964	9,197	9,767	520	131	389	2.55	2,928
2019.3/4	성북구	정릉2동	9,656	23,974	11,678	12,296	23,684	11,572	12,112	290	106	184	2.45	4,126
2019.3/4	성북구	정릉3동	7,768	17,388	8,623	8,765	15,814	7,900	7,914	1,574	723	851	2.04	3,158
2019.3/4	성북구	정릉4동	11,005	26,898	13,006	13,892	26,493	12,853	13,640	405	153	252	2.41	4,571
2019.3/4	성북구	길음1동	12,845	37,263	17,772	19,491	37,045	17,680	19,365	218	92	126	2.88	4,241
2019.3/4	성북구	길음2동	6,792	16,545	8,050	8,495	16,400	7,984	8,416	145	66	79	2.41	2,363
2019.3/4	성북구	월곡1동	10,808	27,698	13,399	14,299	27,492	13,324	14,168	206	75	131	2.54	4,388
2019.3/4	성북구	월곡2동	9,206	20,571	9,982	10,589	20,009	9,720	10,289	562	262	300	2.17	3,369
2019.3/4	성북구	장위1동	9,028	20,857	10,225	10,632	20,645	10,146	10,499	212	79	133	2.29	3,572
2019.3/4	성북구	장위2동	6,312	14,207	7,068	7,139	13,963	6,956	7,007	244	112	132	2.21	3,050
2019.3/4	성북구	장위3동	5,559	13,710	6,900	6,810	13,502	6,805	6,697	208	95	113	2.43	2,074
2019.3/4	성북구	성북동	8,038	17,671	8,267	9,404	17,111	8,043	9,068	560	224	336	2.13	2,996
2019.3/4	성북구	삼선동	12,614	26,599	12,723	13,876	25,962	12,452	13,510	637	271	366	2.06	4,035
2019.3/4	성북구	동선동	9,070	16,460	6,821	9,639	15,511	6,560	8,951	949	261	688	1.71	2,197
2019.3/4	성북구	종암동	17,137	42,391	20,633	21,758	40,496	19,998	20,498	1,895	635	1,260	2.36	6,279
2019.3/4	성북구	석관동	16,111	36,558	18,094	18,464	35,615	17,659	17,956	943	435	508	2.21	6,436
2019.3/4	강북구	소계	143,680	317,875	154,784	163,091	314,090	153,356	160,734	3,785	1,428	2,357	2.19	59,808
2019.3/4	강북구	번1동	10,296	19,815	9,806	10,009	19,383	9,644	9,739	432	162	270	1.88	3,399
2019.3/4	강북구	번2동	7,639	17,307	8,407	8,900	17,181	8,372	8,809	126	35	91	2.25	3,799
2019.3/4	강북구	번3동	7,612	18,506	8,723	9,783	18,421	8,707	9,714	85	16	69	2.42	4,472
2019.3/4	강북구	수유1동	10,370	21,961	10,849	11,112	21,681	10,751	10,930	280	98	182	2.09	4,161
2019.3/4	강북구	수유2동	9,563	22,021	10,589	11,432	21,883	10,549	11,334	138	40	98	2.29	4,402
2019.3/4	강북구	수유3동	12,700	24,277	12,079	12,198	23,899	11,950	11,949	378	129	249	1.88	4,297
2019.3/4	강북구	삼양동	11,539	25,776	12,787	12,989	25,593	12,720	12,873	183	67	116	2.22	4,678
2019.3/4	강북구	미아동	11,387	22,987	10,986	12,001	22,457	10,776	11,681	530	210	320	1.97	4,209
2019.3/4	강북구	송중동	12,989	29,000	13,986	15,014	28,401	13,731	14,670	599	255	344	2.19	5,462
2019.3/4	강북구	송천동	13,749	28,911	14,343	14,568	28,419	14,127	14,292	492	216	276	2.07	5,749
2019.3/4	강북구	삼각산동	11,781	33,100	15,899	17,201	32,961	15,846	17,115	139	53	86	2.8	4,102
2019.3/4	강북구	우이동	9,472	21,401	10,440	10,961	21,255	10,374	10,881	146	66	80	2.24	4,485
2019.3/4	강북구	인수동	14,583	32,813	15,890	16,923	32,556	15,809	16,747	257	81	176	2.23	6,593
2019.3/4	도봉구	소계	138,603	337,594	164,883	172,711	335,280	163,953	171,327	2,314	930	1,384	2.42	58,070
2019.3/4	도봉구	쌍문1동	9,355	22,528	10,857	11,671	22,244	10,769	11,475	284	88	196	2.38	4,122
2019.3/4	도봉구	쌍문2동	8,613	20,133	9,783	10,350	19,926	9,654	10,272	207	129	78	2.31	3,575
2019.3/4	도봉구	쌍문3동	7,812	17,325	8,335	8,990	17,146	8,271	8,875	179	64	115	2.19	3,214
2019.3/4	도봉구	쌍문4동	7,180	19,946	9,500	10,446	19,901	9,483	10,418	45	17	28	2.77	2,719
2019.3/4	도봉구	방학1동	12,868	30,344	15,009	15,335	30,043	14,894	15,149	301	115	186	2.33	5,258
2019.3/4	도봉구	방학2동	9,541	21,268	10,725	10,543	21,075	10,648	10,427	193	77	116	2.21	4,033
2019.3/4	도봉구	방학3동	10,107	28,846	14,054	14,792	28,770	14,035	14,735	76	19	57	2.85	4,364
2019.3/4	도봉구	창1동	10,930	26,438	12,650	13,788	26,273	12,584	13,689	165	66	99	2.4	4,203
2019.3/4	도봉구	창2동	12,392	30,723	15,088	15,635	30,448	14,964	15,484	275	124	151	2.46	4,716
2019.3/4	도봉구	창3동	6,699	14,923	7,446	7,477	14,820	7,406	7,414	103	40	63	2.21	2,736
2019.3/4	도봉구	창4동	10,591	28,034	13,520	14,514	27,933	13,465	14,468	101	55	46	2.64	3,871
2019.3/4	도봉구	창5동	10,079	25,866	12,452	13,414	25,753	12,416	13,337	113	36	77	2.56	3,953
2019.3/4	도봉구	도봉1동	10,257	22,431	11,330	11,101	22,275	11,276	10,999	156	54	102	2.17	5,340
2019.3/4	도봉구	도봉2동	12,179	28,789	14,134	14,655	28,673	14,088	14,585	116	46	70	2.35	5,966
2019.3/4	노원구	소계	217,058	539,829	261,141	278,688	535,282	259,204	276,078	4,547	1,937	2,610	2.47	79,968
2019.3/4	노원구	월계1동	10,492	24,044	12,375	11,669	23,361	12,044	11,317	683	331	352	2.23	4,095
2019.3/4	노원구	월계2동	11,241	26,209	12,620	13,589	26,059	12,575	13,484	150	45	105	2.32	5,089
2019.3/4	노원구	월계3동	12,981	31,904	15,299	16,605	31,707	15,223	16,484	197	76	121	2.44	5,542
2019.3/4	노원구	공릉2동	16,307	41,184	20,112	21,072	40,573	19,821	20,752	611	291	320	2.49	4,825
2019.3/4	노원구	하계1동	12,409	29,814	14,425	15,389	29,074	14,064	15,010	740	361	379	2.34	4,049
2019.3/4	노원구	하계2동	8,292	23,492	11,224	12,268	23,429	11,201	12,228	63	23	40	2.83	2,955
2019.3/4	노원구	중계본동	9,004	26,161	12,822	13,339	26,090	12,792	13,298	71	30	41	2.9	2,570
2019.3/4	노원구	중계1동	9,112	28,152	13,779	14,373	28,074	13,744	14,330	78	35	43	3.08	2,219
2019.3/4	노원구	중계4동	8,495	21,480	10,427	11,053	21,402	10,403	10,999	78	24	54	2.52	3,768
2019.3/4	노원구	상계1동	15,550	40,359	19,621	20,738	40,192	19,567	20,625	167	54	113	2.58	6,369
2019.3/4	노원구	상계2동	8,783	21,358	10,516	10,842	21,178	10,440	10,738	180	76	104	2.41	3,095
2019.3/4	노원구	상계5동	10,986	25,704	12,519	13,185	25,563	12,468	13,095	141	51	90	2.33	4,781
2019.3/4	노원구	상계8동	9,270	24,086	11,615	12,471	24,035	11,606	12,429	51	9	42	2.59	2,614
2019.3/4	노원구	상계9동	8,452	22,002	10,501	11,501	21,916	10,484	11,432	86	17	69	2.59	3,078
2019.3/4	노원구	상계10동	6,608	16,736	7,717	9,019	16,671	7,687	8,984	65	30	35	2.52	2,123
2019.3/4	노원구	상계3.4동	11,568	25,946	12,910	13,036	25,819	12,872	12,947	127	38	89	2.23	5,611
2019.3/4	노원구	상계6.7동	14,000	34,834	16,201	18,633	34,673	16,142	18,531	161	59	102	2.48	4,518
2019.3/4	노원구	중계2.3동	15,421	37,108	17,261	19,847	36,944	17,197	19,747	164	64	100	2.4	6,830
2019.3/4	노원구	공릉1동	18,087	39,256	19,197	20,059	38,522	18,874	19,648	734	323	411	2.13	5,837
2019.3/4	은평구	소계	207,410	486,159	234,228	251,931	481,663	232,383	249,280	4,496	1,845	2,651	2.32	79,957
2019.3/4	은평구	녹번동	16,946	38,158	18,352	19,806	37,716	18,147	19,569	442	205	237	2.23	6,476
2019.3/4	은평구	불광1동	17,826	41,048	19,477	21,571	40,730	19,345	21,385	318	132	186	2.28	7,346
2019.3/4	은평구	갈현1동	11,248	24,768	12,080	12,688	24,510	11,961	12,549	258	119	139	2.18	4,247
2019.3/4	은평구	갈현2동	12,581	30,235	14,392	15,843	29,865	14,249	15,616	370	143	227	2.37	4,661
2019.3/4	은평구	구산동	13,097	33,843	16,835	17,008	33,603	16,729	16,874	240	106	134	2.57	5,750
2019.3/4	은평구	대조동	14,629	29,784	14,013	15,771	29,396	13,855	15,541	388	158	230	2.01	5,126
2019.3/4	은평구	응암1동	11,362	25,747	12,290	13,457	25,438	12,167	13,271	309	123	186	2.24	4,003
2019.3/4	은평구	응암2동	9,382	23,882	11,655	12,227	23,663	11,562	12,101	219	93	126	2.52	3,153
2019.3/4	은평구	신사1동	11,710	28,658	13,882	14,776	28,409	13,790	14,619	249	92	157	2.43	4,613
2019.3/4	은평구	신사2동	9,190	21,998	10,990	11,008	21,836	10,939	10,897	162	51	111	2.38	3,602
2019.3/4	은평구	증산동	6,911	16,254	7,986	8,268	16,113	7,931	8,182	141	55	86	2.33	2,964
2019.3/4	은평구	수색동	3,888	9,094	4,530	4,564	9,024	4,499	4,525	70	31	39	2.32	1,753
2019.3/4	은평구	진관동	21,499	58,038	27,290	30,748	57,800	27,196	30,604	238	94	144	2.69	7,483
2019.3/4	은평구	불광2동	13,771	29,576	14,407	15,169	29,271	14,274	14,997	305	133	172	2.13	5,515
2019.3/4	은평구	응암3동	12,605	26,193	12,818	13,375	25,839	12,670	13,169	354	148	206	2.05	5,398
2019.3/4	은평구	역촌동	20,765	48,883	23,231	25,652	48,450	23,069	25,381	433	162	271	2.33	7,867
2019.3/4	서대문구	소계	140,007	324,089	153,618	170,471	310,069	149,061	161,008	14,020	4,557	9,463	2.21	51,708
2019.3/4	서대문구	천연동	8,213	18,803	8,974	9,829	18,502	8,828	9,674	301	146	155	2.25	3,214
2019.3/4	서대문구	홍제1동	10,304	25,045	11,776	13,269	24,755	11,645	13,110	290	131	159	2.4	4,272
2019.3/4	서대문구	홍제3동	7,131	16,534	8,036	8,498	16,363	7,963	8,400	171	73	98	2.29	3,428
2019.3/4	서대문구	홍제2동	5,849	14,629	6,980	7,649	14,499	6,921	7,578	130	59	71	2.48	2,588
2019.3/4	서대문구	홍은1동	9,271	22,758	11,017	11,741	22,426	10,874	11,552	332	143	189	2.42	4,267
2019.3/4	서대문구	홍은2동	12,161	28,402	13,774	14,628	27,638	13,463	14,175	764	311	453	2.27	4,781
2019.3/4	서대문구	남가좌1동	6,102	17,029	8,221	8,808	16,686	8,080	8,606	343	141	202	2.73	2,160
2019.3/4	서대문구	남가좌2동	11,173	25,729	12,324	13,405	24,870	12,007	12,863	859	317	542	2.23	4,202
2019.3/4	서대문구	북가좌1동	7,016	19,188	9,289	9,899	19,035	9,233	9,802	153	56	97	2.71	2,853
2019.3/4	서대문구	북가좌2동	14,736	33,955	16,486	17,469	33,595	16,347	17,248	360	139	221	2.28	5,939
2019.3/4	서대문구	충현동	8,815	18,242	8,845	9,397	17,768	8,638	9,130	474	207	267	2.02	3,123
2019.3/4	서대문구	북아현동	7,529	17,607	8,383	9,224	17,153	8,202	8,951	454	181	273	2.28	2,280
2019.3/4	서대문구	신촌동	12,386	24,810	9,749	15,061	18,713	8,438	10,275	6,097	1,311	4,786	1.51	2,207
2019.3/4	서대문구	연희동	19,321	41,358	19,764	21,594	38,066	18,422	19,644	3,292	1,342	1,950	1.97	6,394
2019.3/4	마포구	소계	174,181	385,605	181,368	204,237	373,629	176,863	196,766	11,976	4,505	7,471	2.15	51,961
2019.3/4	마포구	용강동	9,128	22,403	10,641	11,762	21,878	10,356	11,522	525	285	240	2.4	2,791
2019.3/4	마포구	대흥동	7,156	13,776	6,285	7,491	11,588	5,634	5,954	2,188	651	1,537	1.62	1,863
2019.3/4	마포구	염리동	5,736	13,533	6,339	7,194	12,499	6,037	6,462	1,034	302	732	2.18	1,799
2019.3/4	마포구	신수동	9,554	22,514	10,963	11,551	22,001	10,776	11,225	513	187	326	2.3	3,087
2019.3/4	마포구	서교동	14,075	26,104	11,903	14,201	24,316	11,272	13,044	1,788	631	1,157	1.73	3,345
2019.3/4	마포구	합정동	9,580	19,175	8,928	10,247	18,772	8,767	10,005	403	161	242	1.96	2,587
2019.3/4	마포구	망원1동	10,679	21,995	10,357	11,638	21,607	10,193	11,414	388	164	224	2.02	3,280
2019.3/4	마포구	망원2동	8,223	19,270	9,169	10,101	19,082	9,100	9,982	188	69	119	2.32	2,868
2019.3/4	마포구	연남동	8,644	17,051	7,937	9,114	15,935	7,458	8,477	1,116	479	637	1.84	2,443
2019.3/4	마포구	성산1동	9,341	20,288	9,539	10,749	19,870	9,380	10,490	418	159	259	2.13	2,849
2019.3/4	마포구	성산2동	18,774	41,623	19,204	22,419	41,333	19,107	22,226	290	97	193	2.2	5,881
2019.3/4	마포구	상암동	12,792	32,976	15,745	17,231	32,331	15,445	16,886	645	300	345	2.53	3,753
2019.3/4	마포구	도화동	9,630	22,663	10,772	11,891	22,380	10,649	11,731	283	123	160	2.32	3,571
2019.3/4	마포구	서강동	11,710	26,240	12,338	13,902	25,293	12,045	13,248	947	293	654	2.16	3,012
2019.3/4	마포구	공덕동	18,976	40,603	19,306	21,297	39,863	18,941	20,922	740	365	375	2.1	5,895
2019.3/4	마포구	아현동	10,183	25,391	11,942	13,449	24,881	11,703	13,178	510	239	271	2.44	2,937
2019.3/4	양천구	소계	177,339	463,931	227,911	236,020	459,849	226,091	233,758	4,082	1,820	2,262	2.59	60,487
2019.3/4	양천구	목1동	10,474	32,111	15,467	16,644	31,886	15,359	16,527	225	108	117	3.04	2,854
2019.3/4	양천구	목2동	13,043	31,501	15,393	16,108	31,231	15,281	15,950	270	112	158	2.39	3,726
2019.3/4	양천구	목3동	9,942	23,145	11,135	12,010	22,957	11,055	11,902	188	80	108	2.31	3,007
2019.3/4	양천구	목4동	10,151	27,053	13,283	13,770	26,824	13,174	13,650	229	109	120	2.64	3,023
2019.3/4	양천구	신월1동	10,149	21,976	11,229	10,747	21,617	11,078	10,539	359	151	208	2.13	3,754
2019.3/4	양천구	신월2동	8,641	22,427	11,000	11,427	22,231	10,909	11,322	196	91	105	2.57	3,550
2019.3/4	양천구	신월3동	8,182	16,844	8,886	7,958	16,592	8,768	7,824	252	118	134	2.03	2,785
2019.3/4	양천구	신월4동	6,885	19,064	9,368	9,696	18,966	9,338	9,628	98	30	68	2.75	2,899
2019.3/4	양천구	신월5동	6,448	15,631	7,735	7,896	15,469	7,667	7,802	162	68	94	2.4	2,185
2019.3/4	양천구	신월6동	2,509	6,670	3,310	3,360	6,631	3,296	3,335	39	14	25	2.64	1,086
2019.3/4	양천구	신월7동	9,255	21,803	10,701	11,102	21,652	10,661	10,991	151	40	111	2.34	4,025
2019.3/4	양천구	신정1동	7,224	21,578	10,559	11,019	21,378	10,460	10,918	200	99	101	2.96	2,491
2019.3/4	양천구	신정2동	7,171	20,713	10,125	10,588	20,558	10,063	10,495	155	62	93	2.87	2,414
2019.3/4	양천구	신정3동	17,943	48,467	23,664	24,803	48,039	23,458	24,581	428	206	222	2.68	6,379
2019.3/4	양천구	신정6동	8,165	25,291	12,314	12,977	25,270	12,303	12,967	21	11	10	3.09	2,451
2019.3/4	양천구	신정7동	11,613	30,930	15,006	15,924	30,720	14,905	15,815	210	101	109	2.65	4,465
2019.3/4	양천구	목5동	13,535	42,943	21,204	21,739	42,881	21,177	21,704	62	27	35	3.17	3,923
2019.3/4	양천구	신정4동	16,009	35,784	17,532	18,252	34,947	17,139	17,808	837	393	444	2.18	5,470
2019.3/4	강서구	소계	262,108	600,240	290,942	309,298	593,708	287,751	305,957	6,532	3,191	3,341	2.27	82,937
2019.3/4	강서구	염창동	15,556	42,478	20,758	21,720	42,352	20,700	21,652	126	58	68	2.72	3,871
2019.3/4	강서구	등촌1동	12,074	23,720	11,213	12,507	23,508	11,133	12,375	212	80	132	1.95	2,626
2019.3/4	강서구	등촌2동	8,653	21,922	10,844	11,078	21,790	10,786	11,004	132	58	74	2.52	2,889
2019.3/4	강서구	등촌3동	14,766	32,715	15,551	17,164	32,518	15,472	17,046	197	79	118	2.2	5,978
2019.3/4	강서구	화곡본동	16,483	36,064	17,571	18,493	35,627	17,391	18,236	437	180	257	2.16	4,497
2019.3/4	강서구	화곡2동	8,255	19,655	9,561	10,094	19,333	9,420	9,913	322	141	181	2.34	2,687
2019.3/4	강서구	화곡3동	9,422	22,698	10,884	11,814	22,521	10,816	11,705	177	68	109	2.39	3,691
2019.3/4	강서구	화곡4동	9,653	22,175	10,854	11,321	21,819	10,701	11,118	356	153	203	2.26	3,453
2019.3/4	강서구	화곡6동	11,413	24,930	12,316	12,614	24,716	12,226	12,490	214	90	124	2.17	3,517
2019.3/4	강서구	화곡8동	11,674	26,593	12,780	13,813	26,090	12,548	13,542	503	232	271	2.23	4,027
2019.3/4	강서구	가양1동	19,062	34,199	16,048	18,151	33,838	15,834	18,004	361	214	147	1.78	2,732
2019.3/4	강서구	가양2동	8,108	15,301	7,284	8,017	15,211	7,260	7,951	90	24	66	1.88	3,600
2019.3/4	강서구	가양3동	7,922	16,277	7,652	8,625	16,166	7,607	8,559	111	45	66	2.04	3,302
2019.3/4	강서구	발산1동	13,509	38,559	18,367	20,192	38,396	18,302	20,094	163	65	98	2.84	4,333
2019.3/4	강서구	공항동	12,736	28,336	14,533	13,803	27,419	13,868	13,551	917	665	252	2.15	3,634
2019.3/4	강서구	방화1동	17,419	45,847	22,412	23,435	45,518	22,256	23,262	329	156	173	2.61	5,981
2019.3/4	강서구	방화2동	11,594	24,203	11,982	12,221	23,868	11,804	12,064	335	178	157	2.06	4,455
2019.3/4	강서구	방화3동	11,258	24,582	11,865	12,717	24,423	11,805	12,618	159	60	99	2.17	4,635
2019.3/4	강서구	화곡1동	26,265	54,681	26,740	27,941	53,531	26,213	27,318	1,150	527	623	2.04	7,721
2019.3/4	강서구	우장산동	16,286	45,305	21,727	23,578	45,064	21,609	23,455	241	118	123	2.77	5,308
2019.3/4	구로구	소계	175,844	439,850	219,971	219,879	406,748	201,077	205,671	33,102	18,894	14,208	2.31	64,952
2019.3/4	구로구	신도림동	13,451	37,392	18,293	19,099	37,053	18,098	18,955	339	195	144	2.75	4,258
2019.3/4	구로구	구로1동	8,216	22,120	10,881	11,239	21,664	10,635	11,029	456	246	210	2.64	2,242
2019.3/4	구로구	구로3동	13,215	26,460	13,526	12,934	24,469	12,442	12,027	1,991	1,084	907	1.85	3,250
2019.3/4	구로구	구로4동	10,560	26,504	13,440	13,064	21,074	10,283	10,791	5,430	3,157	2,273	2	4,319
2019.3/4	구로구	구로5동	14,469	33,690	16,572	17,118	29,993	14,488	15,505	3,697	2,084	1,613	2.07	4,379
2019.3/4	구로구	고척1동	9,550	24,293	12,179	12,114	23,812	11,943	11,869	481	236	245	2.49	3,959
2019.3/4	구로구	고척2동	11,634	29,019	14,401	14,618	28,378	14,061	14,317	641	340	301	2.44	4,639
2019.3/4	구로구	개봉2동	12,636	33,428	16,331	17,097	32,912	16,081	16,831	516	250	266	2.6	5,770
2019.3/4	구로구	개봉3동	8,851	22,176	10,857	11,319	21,691	10,619	11,072	485	238	247	2.45	3,788
2019.3/4	구로구	오류1동	11,055	23,025	11,297	11,728	22,307	10,953	11,354	718	344	374	2.02	3,665
2019.3/4	구로구	오류2동	19,809	51,567	25,087	26,480	50,748	24,673	26,075	819	414	405	2.56	7,418
2019.3/4	구로구	수궁동	9,837	25,000	12,417	12,583	24,641	12,228	12,413	359	189	170	2.5	3,921
2019.3/4	구로구	가리봉동	5,824	15,518	8,946	6,572	9,439	5,125	4,314	6,079	3,821	2,258	1.62	2,030
2019.3/4	구로구	구로2동	12,778	35,481	18,595	16,886	25,533	12,896	12,637	9,948	5,699	4,249	2	5,516
2019.3/4	구로구	개봉1동	13,959	34,177	17,149	17,028	33,034	16,552	16,482	1,143	597	546	2.37	5,798
2019.3/4	금천구	소계	110,072	252,868	129,510	123,358	233,371	118,471	114,900	19,497	11,039	8,458	2.12	37,191
2019.3/4	금천구	가산동	13,666	24,497	13,739	10,758	20,991	11,594	9,397	3,506	2,145	1,361	1.54	2,401
2019.3/4	금천구	독산1동	19,766	43,529	22,633	20,896	41,013	21,184	19,829	2,516	1,449	1,067	2.07	5,216
2019.3/4	금천구	독산2동	9,256	21,602	11,101	10,501	19,581	9,990	9,591	2,021	1,111	910	2.12	3,212
2019.3/4	금천구	독산3동	12,336	30,152	15,594	14,558	25,253	12,771	12,482	4,899	2,823	2,076	2.05	4,285
2019.3/4	금천구	독산4동	7,627	18,444	9,400	9,044	16,174	8,143	8,031	2,270	1,257	1,013	2.12	2,716
2019.3/4	금천구	시흥1동	15,882	37,034	18,627	18,407	34,602	17,289	17,313	2,432	1,338	1,094	2.18	5,732
2019.3/4	금천구	시흥2동	8,421	22,735	11,055	11,680	22,620	11,002	11,618	115	53	62	2.69	3,694
2019.3/4	금천구	시흥3동	4,730	11,598	5,808	5,790	11,444	5,734	5,710	154	74	80	2.42	2,198
2019.3/4	금천구	시흥4동	9,065	22,246	11,077	11,169	21,402	10,646	10,756	844	431	413	2.36	3,705
2019.3/4	금천구	시흥5동	9,323	21,031	10,476	10,555	20,291	10,118	10,173	740	358	382	2.18	4,032
2019.3/4	영등포구	소계	174,309	402,478	201,944	200,534	368,402	182,913	185,489	34,076	19,031	15,045	2.11	57,350
2019.3/4	영등포구	여의동	13,484	34,576	16,312	18,264	34,196	16,099	18,097	380	213	167	2.54	5,862
2019.3/4	영등포구	당산1동	10,574	21,509	10,576	10,933	20,972	10,320	10,652	537	256	281	1.98	3,171
2019.3/4	영등포구	당산2동	17,312	36,238	17,034	19,204	35,787	16,837	18,950	451	197	254	2.07	4,254
2019.3/4	영등포구	양평1동	8,952	18,251	9,117	9,134	17,898	8,937	8,961	353	180	173	2	2,403
2019.3/4	영등포구	양평2동	10,124	22,886	11,432	11,454	22,628	11,305	11,323	258	127	131	2.24	2,399
2019.3/4	영등포구	신길1동	10,050	19,730	10,121	9,609	17,600	8,935	8,665	2,130	1,186	944	1.75	3,216
2019.3/4	영등포구	신길3동	7,571	18,703	9,335	9,368	17,297	8,552	8,745	1,406	783	623	2.28	2,925
2019.3/4	영등포구	신길4동	4,282	10,082	5,138	4,944	9,017	4,520	4,497	1,065	618	447	2.11	1,786
2019.3/4	영등포구	신길5동	4,164	10,858	5,408	5,450	9,170	4,446	4,724	1,688	962	726	2.2	1,867
2019.3/4	영등포구	신길6동	8,436	19,593	9,738	9,855	18,309	9,020	9,289	1,284	718	566	2.17	3,084
2019.3/4	영등포구	신길7동	6,534	17,092	8,525	8,567	16,873	8,418	8,455	219	107	112	2.58	2,003
2019.3/4	영등포구	대림1동	6,364	16,499	8,524	7,975	12,968	6,488	6,480	3,531	2,036	1,495	2.04	2,735
2019.3/4	영등포구	대림2동	6,838	21,705	11,361	10,344	12,770	6,218	6,552	8,935	5,143	3,792	1.87	2,870
2019.3/4	영등포구	대림3동	10,493	28,879	14,804	14,075	23,902	12,006	11,896	4,977	2,798	2,179	2.28	4,085
2019.3/4	영등포구	영등포본동	10,214	24,989	12,884	12,105	22,052	11,265	10,787	2,937	1,619	1,318	2.16	3,782
2019.3/4	영등포구	영등포동	17,145	27,149	14,750	12,399	26,428	14,400	12,028	721	350	371	1.54	3,311
2019.3/4	영등포구	도림동	9,300	21,778	11,116	10,662	18,788	9,490	9,298	2,990	1,626	1,364	2.02	3,250
2019.3/4	영등포구	문래동	12,472	31,961	15,769	16,192	31,747	15,657	16,090	214	112	102	2.55	4,347
2019.3/4	동작구	소계	180,841	410,487	198,593	211,894	397,618	192,829	204,789	12,869	5,764	7,105	2.2	61,607
2019.3/4	동작구	노량진2동	7,202	13,954	7,169	6,785	12,936	6,639	6,297	1,018	530	488	1.8	2,587
2019.3/4	동작구	상도1동	21,383	48,372	23,364	25,008	46,051	22,451	23,600	2,321	913	1,408	2.15	6,552
2019.3/4	동작구	상도2동	12,860	29,396	14,108	15,288	29,016	13,943	15,073	380	165	215	2.26	4,225
2019.3/4	동작구	상도3동	11,868	26,111	12,534	13,577	25,694	12,344	13,350	417	190	227	2.16	4,120
2019.3/4	동작구	상도4동	13,436	30,107	14,709	15,398	29,677	14,515	15,162	430	194	236	2.21	4,641
2019.3/4	동작구	사당1동	13,050	24,139	11,541	12,598	23,463	11,201	12,262	676	340	336	1.8	3,493
2019.3/4	동작구	사당3동	10,652	26,276	12,777	13,499	25,973	12,634	13,339	303	143	160	2.44	4,186
2019.3/4	동작구	사당4동	6,957	14,902	7,139	7,763	14,698	7,042	7,656	204	97	107	2.11	2,431
2019.3/4	동작구	사당5동	5,704	12,957	6,271	6,686	12,826	6,216	6,610	131	55	76	2.25	1,965
2019.3/4	동작구	대방동	17,176	40,244	19,148	21,096	39,798	18,927	20,871	446	221	225	2.32	5,319
2019.3/4	동작구	신대방1동	9,901	26,747	13,063	13,684	23,970	11,544	12,426	2,777	1,519	1,258	2.42	3,474
2019.3/4	동작구	신대방2동	9,286	20,726	9,963	10,763	20,431	9,832	10,599	295	131	164	2.2	2,873
2019.3/4	동작구	흑석동	14,333	35,482	16,891	18,591	32,849	16,008	16,841	2,633	883	1,750	2.29	5,468
2019.3/4	동작구	노량진1동	15,088	32,603	16,165	16,438	32,261	16,015	16,246	342	150	192	2.14	5,365
2019.3/4	동작구	사당2동	11,945	28,471	13,751	14,720	27,975	13,518	14,457	496	233	263	2.34	4,908
2019.3/4	관악구	소계	268,226	519,953	260,386	259,567	502,117	251,923	250,194	17,836	8,463	9,373	1.87	74,518
2019.3/4	관악구	보라매동	12,310	26,688	13,016	13,672	25,176	12,303	12,873	1,512	713	799	2.05	4,155
2019.3/4	관악구	청림동	6,565	16,331	8,009	8,322	16,185	7,939	8,246	146	70	76	2.47	2,612
2019.3/4	관악구	행운동	17,069	30,276	14,720	15,556	29,724	14,518	15,206	552	202	350	1.74	4,118
2019.3/4	관악구	낙성대동	10,755	17,736	8,834	8,902	16,953	8,503	8,450	783	331	452	1.58	1,916
2019.3/4	관악구	중앙동	9,287	15,782	7,547	8,235	15,344	7,354	7,990	438	193	245	1.65	2,281
2019.3/4	관악구	인헌동	14,085	27,200	13,295	13,905	26,799	13,129	13,670	401	166	235	1.9	3,692
2019.3/4	관악구	남현동	9,381	19,032	9,148	9,884	18,821	9,051	9,770	211	97	114	2.01	2,572
2019.3/4	관악구	서원동	13,835	24,095	12,256	11,839	23,233	11,862	11,371	862	394	468	1.68	3,111
2019.3/4	관악구	신원동	10,478	19,892	10,025	9,867	18,612	9,356	9,256	1,280	669	611	1.78	3,076
2019.3/4	관악구	서림동	14,124	24,485	13,374	11,111	23,852	13,145	10,707	633	229	404	1.69	3,296
2019.3/4	관악구	신사동	13,269	26,161	13,196	12,965	23,017	11,540	11,477	3,144	1,656	1,488	1.73	3,310
2019.3/4	관악구	신림동	16,714	22,574	11,376	11,198	21,713	10,987	10,726	861	389	472	1.3	1,881
2019.3/4	관악구	난향동	6,453	16,436	8,110	8,326	16,314	8,049	8,265	122	61	61	2.53	2,633
2019.3/4	관악구	조원동	10,284	19,671	10,063	9,608	17,572	8,905	8,667	2,099	1,158	941	1.71	2,587
2019.3/4	관악구	대학동	15,786	24,603	14,584	10,019	23,675	14,248	9,427	928	336	592	1.5	2,665
2019.3/4	관악구	은천동	15,871	35,505	17,398	18,107	34,804	17,074	17,730	701	324	377	2.19	5,471
2019.3/4	관악구	성현동	12,889	32,323	15,678	16,645	32,102	15,579	16,523	221	99	122	2.49	5,349
2019.3/4	관악구	청룡동	20,527	33,607	16,158	17,449	32,166	15,521	16,645	1,441	637	804	1.57	3,999
2019.3/4	관악구	난곡동	12,930	29,173	14,693	14,480	28,574	14,403	14,171	599	290	309	2.21	4,993
2019.3/4	관악구	삼성동	11,460	25,454	12,784	12,670	25,265	12,704	12,561	189	80	109	2.2	5,501
2019.3/4	관악구	미성동	14,154	32,929	16,122	16,807	32,216	15,753	16,463	713	369	344	2.28	5,300
2019.3/4	서초구	소계	173,215	435,258	208,297	226,961	431,027	206,185	224,842	4,231	2,112	2,119	2.49	56,455
2019.3/4	서초구	서초1동	9,415	21,708	10,487	11,221	21,479	10,377	11,102	229	110	119	2.28	2,842
2019.3/4	서초구	서초2동	8,333	18,675	8,949	9,726	18,351	8,749	9,602	324	200	124	2.2	2,069
2019.3/4	서초구	서초3동	13,576	31,067	15,196	15,871	30,742	15,032	15,710	325	164	161	2.26	4,361
2019.3/4	서초구	서초4동	11,014	31,886	15,456	16,430	31,621	15,306	16,315	265	150	115	2.87	3,847
2019.3/4	서초구	잠원동	14,020	34,953	16,607	18,346	34,731	16,505	18,226	222	102	120	2.48	3,808
2019.3/4	서초구	반포본동	4,120	12,106	5,694	6,412	12,039	5,659	6,380	67	35	32	2.92	1,872
2019.3/4	서초구	반포1동	14,341	33,139	15,937	17,202	32,779	15,787	16,992	360	150	210	2.29	3,282
2019.3/4	서초구	반포2동	5,156	16,381	7,809	8,572	16,198	7,719	8,479	183	90	93	3.14	1,833
2019.3/4	서초구	반포3동	7,041	20,324	9,608	10,716	20,266	9,576	10,690	58	32	26	2.88	2,359
2019.3/4	서초구	반포4동	7,334	20,270	9,593	10,677	19,714	9,302	10,412	556	291	265	2.69	2,632
2019.3/4	서초구	방배본동	7,850	21,471	9,991	11,480	21,277	9,898	11,379	194	93	101	2.71	2,871
2019.3/4	서초구	방배1동	7,620	17,559	8,245	9,314	17,429	8,191	9,238	130	54	76	2.29	2,687
2019.3/4	서초구	방배2동	8,840	21,135	9,972	11,163	20,977	9,890	11,087	158	82	76	2.37	3,334
2019.3/4	서초구	방배3동	8,475	22,489	10,841	11,648	22,328	10,765	11,563	161	76	85	2.63	3,565
2019.3/4	서초구	방배4동	9,781	24,278	11,174	13,104	23,978	11,031	12,947	300	143	157	2.45	3,224
2019.3/4	서초구	양재1동	18,225	46,022	22,005	24,017	45,642	21,825	23,817	380	180	200	2.5	6,249
2019.3/4	서초구	양재2동	10,782	23,250	11,703	11,547	22,994	11,567	11,427	256	136	120	2.13	2,686
2019.3/4	서초구	내곡동	7,292	18,545	9,030	9,515	18,482	9,006	9,476	63	24	39	2.53	2,934
2019.3/4	강남구	소계	232,115	549,043	262,829	286,214	544,028	260,305	283,723	5,015	2,524	2,491	2.34	70,029
2019.3/4	강남구	신사동	7,485	17,623	8,207	9,416	17,348	8,056	9,292	275	151	124	2.32	2,881
2019.3/4	강남구	논현1동	14,219	23,810	11,081	12,729	23,237	10,813	12,424	573	268	305	1.63	2,824
2019.3/4	강남구	논현2동	11,357	22,002	10,245	11,757	21,704	10,103	11,601	298	142	156	1.91	2,938
2019.3/4	강남구	삼성1동	5,903	14,928	7,481	7,447	14,645	7,291	7,354	283	190	93	2.48	2,075
2019.3/4	강남구	삼성2동	13,274	30,362	14,490	15,872	30,132	14,359	15,773	230	131	99	2.27	3,247
2019.3/4	강남구	대치1동	7,424	25,349	12,722	12,627	25,298	12,695	12,603	51	27	24	3.41	2,219
2019.3/4	강남구	대치4동	10,270	20,937	9,914	11,023	20,636	9,765	10,871	301	149	152	2.01	1,911
2019.3/4	강남구	역삼1동	23,739	37,277	18,019	19,258	36,254	17,524	18,730	1,023	495	528	1.53	3,519
2019.3/4	강남구	역삼2동	15,450	37,211	17,489	19,722	36,862	17,299	19,563	349	190	159	2.39	3,453
2019.3/4	강남구	도곡1동	8,561	22,618	10,702	11,916	22,464	10,620	11,844	154	82	72	2.62	2,757
2019.3/4	강남구	도곡2동	11,825	34,385	15,989	18,396	34,262	15,922	18,340	123	67	56	2.9	4,339
2019.3/4	강남구	개포1동	2,780	7,028	3,397	3,631	7,002	3,385	3,617	26	12	14	2.52	1,485
2019.3/4	강남구	개포4동	7,737	18,485	9,075	9,410	18,328	9,001	9,327	157	74	83	2.37	2,218
2019.3/4	강남구	일원본동	8,207	24,469	12,003	12,466	24,435	11,989	12,446	34	14	20	2.98	2,603
2019.3/4	강남구	일원1동	7,526	16,556	8,079	8,477	16,391	8,024	8,367	165	55	110	2.18	2,981
2019.3/4	강남구	일원2동	7,336	18,162	8,768	9,394	18,089	8,739	9,350	73	29	44	2.47	2,978
2019.3/4	강남구	수서동	7,849	16,065	7,379	8,686	15,985	7,351	8,634	80	28	52	2.04	4,029
2019.3/4	강남구	세곡동	17,773	45,109	21,514	23,595	44,903	21,421	23,482	206	93	113	2.53	5,969
2019.3/4	강남구	압구정동	10,716	27,767	12,751	15,016	27,607	12,679	14,928	160	72	88	2.58	4,855
2019.3/4	강남구	청담동	12,539	30,132	14,170	15,962	29,876	14,025	15,851	256	145	111	2.38	3,929
2019.3/4	강남구	대치2동	12,981	38,853	19,737	19,116	38,696	19,644	19,052	157	93	64	2.98	4,293
2019.3/4	강남구	개포2동	7,164	19,915	9,617	10,298	19,874	9,600	10,274	41	17	24	2.77	2,526
2019.3/4	송파구	소계	278,340	684,338	331,364	352,974	677,489	328,073	349,416	6,849	3,291	3,558	2.43	86,062
2019.3/4	송파구	풍납1동	6,605	15,697	7,775	7,922	14,834	7,338	7,496	863	437	426	2.25	2,720
2019.3/4	송파구	풍납2동	10,424	24,762	11,763	12,999	24,570	11,668	12,902	192	95	97	2.36	3,297
2019.3/4	송파구	거여1동	5,477	13,273	6,768	6,505	13,158	6,728	6,430	115	40	75	2.4	2,115
2019.3/4	송파구	거여2동	7,222	17,047	8,375	8,672	16,974	8,347	8,627	73	28	45	2.35	2,967
2019.3/4	송파구	마천1동	9,087	20,833	10,639	10,194	20,636	10,565	10,071	197	74	123	2.27	3,924
2019.3/4	송파구	마천2동	8,654	20,315	10,303	10,012	20,127	10,225	9,902	188	78	110	2.33	3,789
2019.3/4	송파구	방이1동	6,226	16,515	7,983	8,532	16,381	7,918	8,463	134	65	69	2.63	1,983
2019.3/4	송파구	방이2동	13,489	26,209	12,561	13,648	25,701	12,323	13,378	508	238	270	1.91	3,227
2019.3/4	송파구	오륜동	5,970	18,917	9,285	9,632	18,904	9,278	9,626	13	7	6	3.17	2,341
2019.3/4	송파구	오금동	15,719	40,959	19,968	20,991	40,739	19,856	20,883	220	112	108	2.59	5,547
2019.3/4	송파구	송파1동	12,440	26,152	12,338	13,814	25,653	12,077	13,576	499	261	238	2.06	3,192
2019.3/4	송파구	송파2동	7,359	20,889	10,091	10,798	20,725	10,004	10,721	164	87	77	2.82	2,636
2019.3/4	송파구	석촌동	16,855	34,278	16,451	17,827	33,551	16,104	17,447	727	347	380	1.99	4,079
2019.3/4	송파구	삼전동	16,319	32,823	15,647	17,176	32,415	15,479	16,936	408	168	240	1.99	3,629
2019.3/4	송파구	가락본동	11,870	27,910	13,846	14,064	27,551	13,671	13,880	359	175	184	2.32	3,313
2019.3/4	송파구	가락1동	9,693	27,207	13,225	13,982	27,124	13,192	13,932	83	33	50	2.8	2,642
2019.3/4	송파구	가락2동	12,283	33,915	16,623	17,292	33,704	16,525	17,179	211	98	113	2.74	3,752
2019.3/4	송파구	문정1동	8,576	21,380	10,597	10,783	21,166	10,496	10,670	214	101	113	2.47	2,647
2019.3/4	송파구	문정2동	15,470	30,038	14,002	16,036	29,862	13,921	15,941	176	81	95	1.93	3,503
2019.3/4	송파구	장지동	13,326	34,113	16,516	17,597	33,878	16,387	17,491	235	129	106	2.54	4,164
2019.3/4	송파구	위례동	8,990	28,291	13,783	14,508	28,233	13,762	14,471	58	21	37	3.14	1,883
2019.3/4	송파구	잠실본동	15,087	29,680	14,041	15,639	29,068	13,742	15,326	612	299	313	1.93	3,447
2019.3/4	송파구	잠실4동	7,543	22,371	10,791	11,580	22,292	10,756	11,536	79	35	44	2.96	2,481
2019.3/4	송파구	잠실6동	5,942	17,522	8,367	9,155	17,335	8,264	9,071	187	103	84	2.92	2,556
2019.3/4	송파구	잠실7동	3,480	10,244	4,774	5,470	10,231	4,769	5,462	13	5	8	2.94	1,999
2019.3/4	송파구	잠실2동	11,995	36,853	17,600	19,253	36,742	17,536	19,206	111	64	47	3.06	3,209
2019.3/4	송파구	잠실3동	12,239	36,145	17,252	18,893	35,935	17,142	18,793	210	110	100	2.94	5,020
2019.3/4	강동구	소계	178,969	430,522	212,590	217,932	426,219	210,593	215,626	4,303	1,997	2,306	2.38	61,710
2019.3/4	강동구	강일동	11,189	32,377	15,662	16,715	32,237	15,598	16,639	140	64	76	2.88	4,498
2019.3/4	강동구	상일동	4,154	10,943	5,455	5,488	10,853	5,411	5,442	90	44	46	2.61	1,584
2019.3/4	강동구	명일1동	9,675	26,212	12,845	13,367	26,128	12,817	13,311	84	28	56	2.7	3,377
2019.3/4	강동구	명일2동	6,018	18,000	8,870	9,130	17,956	8,856	9,100	44	14	30	2.98	2,220
2019.3/4	강동구	고덕1동	9,111	27,334	13,876	13,458	27,229	13,822	13,407	105	54	51	2.99	2,616
2019.3/4	강동구	고덕2동	3,403	7,419	3,944	3,475	7,325	3,886	3,439	94	58	36	2.15	1,421
2019.3/4	강동구	암사2동	5,895	14,557	7,083	7,474	14,511	7,062	7,449	46	21	25	2.46	2,088
2019.3/4	강동구	암사3동	6,360	18,821	9,226	9,595	18,767	9,201	9,566	54	25	29	2.95	2,315
2019.3/4	강동구	천호1동	12,846	28,623	14,090	14,533	28,306	13,971	14,335	317	119	198	2.2	4,753
2019.3/4	강동구	천호3동	13,714	28,294	13,947	14,347	27,731	13,673	14,058	563	274	289	2.02	4,398
2019.3/4	강동구	성내1동	8,116	20,648	10,001	10,647	20,516	9,944	10,572	132	57	75	2.53	2,813
2019.3/4	강동구	성내2동	12,460	25,300	12,529	12,771	24,553	12,152	12,401	747	377	370	1.97	3,932
2019.3/4	강동구	성내3동	10,249	23,991	11,882	12,109	23,708	11,761	11,947	283	121	162	2.31	3,370
2019.3/4	강동구	둔촌1동	167	287	136	151	272	130	142	15	6	9	1.63	94
2019.3/4	강동구	둔촌2동	11,226	27,943	13,811	14,132	27,809	13,755	14,054	134	56	78	2.48	3,960
2019.3/4	강동구	암사1동	16,169	36,975	18,329	18,646	36,651	18,198	18,453	324	131	193	2.27	5,541
2019.3/4	강동구	천호2동	17,659	36,078	18,023	18,055	35,280	17,609	17,671	798	414	384	2	5,702
2019.3/4	강동구	길동	20,558	46,720	22,881	23,839	46,387	22,747	23,640	333	134	199	2.26	7,028